0 0.36177884615384615 0.6081730769230769 0.34615384615384615 0.037259615384615384

0 0.33052884615384615 0.6466346153846154 0.46153846153846156 0.054086538461538464

0 0.6009615384615384 0.7884615384615384 0.6694711538461539 0.10576923076923077

0 0.6418269230769231 0.8461538461538461 0.5360576923076923 0.29086538461538464

0 0.13581730769230768 0.11177884615384616 0.056490384615384616 0.12980769230769232

0 0.18028846153846154 0.1141826923076923 0.046875 0.12139423076923077

0 0.24759615384615385 0.12860576923076922 0.052884615384615384 0.24879807692307693