1 0.10166666666666667 0.5073529411764706 0.13666666666666666 0.29705882352941176

1 0.6933333333333334 0.5102941176470588 0.15 0.2852941176470588

1 0.8916666666666667 0.5102941176470588 0.12666666666666668 0.2852941176470588

1 0.3025 0.5117647058823529 0.135 0.25882352941176473

1 0.5025 0.5147058823529411 0.13833333333333334 0.2647058823529412

1 0.3025 0.8573529411764705 0.13166666666666665 0.27941176470588236

1 0.49666666666666665 0.8588235294117647 0.14333333333333334 0.25882352941176473

1 0.8991666666666667 0.8602941176470589 0.13833333333333334 0.2735294117647059

1 0.7 0.8602941176470589 0.14333333333333334 0.2735294117647059

1 0.10333333333333333 0.861764705882353 0.14666666666666667 0.27058823529411763

1 0.1025 0.15441176470588236 0.165 0.29705882352941176

1 0.5016666666666667 0.15735294117647058 0.13666666666666666 0.2735294117647059

1 0.3025 0.1588235294117647 0.135 0.3176470588235294

1 0.9025 0.1676470588235294 0.12833333333333333 0.25882352941176473

1 0.6958333333333333 0.17058823529411765 0.14166666666666666 0.2823529411764706