1 0.03671328671328671 0.05965909090909091 0.07342657342657342 0.11931818181818182

1 0.7272727272727273 0.05965909090909091 0.06293706293706294 0.11931818181818182

1 0.7062937062937062 0.5795454545454546 0.09090909090909091 0.2159090909090909

1 0.4230769230769231 0.59375 0.08391608391608392 0.21022727272727273

1 0.5611888111888111 0.6022727272727273 0.07342657342657342 0.19318181818181818

1 0.22377622377622378 0.6022727272727273 0.07692307692307693 0.19318181818181818

1 0.14160839160839161 0.0625 0.08041958041958042 0.11363636363636363

1 0.9807692307692307 0.07102272727272728 0.03146853146853147 0.14204545454545456

1 0.5804195804195804 0.08806818181818182 0.055944055944055944 0.13068181818181818

1 0.9230769230769231 0.10795454545454546 0.07692307692307693 0.1590909090909091

1 0.25524475524475526 0.10795454545454546 0.06293706293706294 0.17045454545454544

1 0.43356643356643354 0.125 0.06293706293706294 0.13636363636363635

1 0.06818181818181818 0.14204545454545456 0.07342657342657342 0.1590909090909091

1 0.4982517482517482 0.1534090909090909 0.06643356643356643 0.13636363636363635

1 0.8234265734265734 0.16193181818181818 0.08041958041958042 0.16477272727272727

1 0.6381118881118881 0.18181818181818182 0.05944055944055944 0.20454545454545456

1 0.3356643356643357 0.1846590909090909 0.06993006993006994 0.16477272727272727

1 0.17132867132867133 0.1903409090909091 0.07692307692307693 0.1875

1 0.8304195804195804 0.022727272727272728 0.08741258741258741 0.03409090909090909

1 0.7307692307692307 0.24147727272727273 0.06993006993006994 0.1875

1 0.8723776223776224 0.2784090909090909 0.07342657342657342 0.19318181818181818

1 0.2692307692307692 0.29261363636363635 0.06993006993006994 0.17613636363636365

1 0.43356643356643354 0.3210227272727273 0.07692307692307693 0.17613636363636365

1 0.08916083916083917 0.3409090909090909 0.08041958041958042 0.19318181818181818

1 0.6346153846153846 0.38920454545454547 0.08741258741258741 0.14204545454545456

1 0.3513986013986014 0.39488636363636365 0.07342657342657342 0.1875

1 0.36713286713286714 0.03977272727272727 0.06993006993006994 0.07954545454545454

1 0.6590909090909091 0.04261363636363636 0.08041958041958042 0.08522727272727272

1 0.951048951048951 0.40625 0.06293706293706294 0.16477272727272727

1 0.5017482517482518 0.4119318181818182 0.08041958041958042 0.17613636363636365

1 0.7937062937062938 0.4119318181818182 0.06993006993006994 0.1534090909090909

1 0.20279720279720279 0.41761363636363635 0.07692307692307693 0.1534090909090909

1 0.07517482517482517 0.5454545454545454 0.07342657342657342 0.17045454545454544

1 0.8566433566433567 0.5482954545454546 0.08391608391608392 0.1875