1 0.27413127413127414 0.5773195876288659 0.22393822393822393 0.3917525773195876

1 0.7142857142857143 0.7190721649484536 0.1776061776061776 0.3865979381443299

1 0.055984555984555984 0.729381443298969 0.11196911196911197 0.4896907216494845

1 0.9054054054054054 0.8118556701030928 0.16602316602316602 0.34536082474226804

1 0.6042471042471043 0.14690721649484537 0.1891891891891892 0.20103092783505155

1 0.19111969111969113 0.15206185567010308 0.18146718146718147 0.27319587628865977

1 0.9131274131274131 0.36855670103092786 0.16602316602316602 0.34536082474226804

1 0.5 0.5051546391752577 0.18146718146718147 0.36082474226804123