1 0.119140625 0.109375 0.080078125 0.087890625

1 0.30419921875 0.11767578125 0.0615234375 0.0927734375

1 0.88037109375 0.12744140625 0.0830078125 0.0947265625

1 0.49951171875 0.1318359375 0.0751953125 0.076171875

1 0.689453125 0.13232421875 0.083984375 0.0966796875

1 0.30908203125 0.29736328125 0.0732421875 0.0908203125

1 0.68701171875 0.31005859375 0.0751953125 0.0966796875

1 0.88037109375 0.3134765625 0.0712890625 0.080078125

1 0.126953125 0.31396484375 0.072265625 0.0927734375

1 0.49755859375 0.31396484375 0.0751953125 0.0927734375

1 0.6923828125 0.49755859375 0.07421875 0.1005859375

1 0.12109375 0.498046875 0.068359375 0.1015625

1 0.49462890625 0.49853515625 0.0810546875 0.1103515625

1 0.880859375 0.4990234375 0.072265625 0.095703125

1 0.30419921875 0.50146484375 0.0751953125 0.0927734375

1 0.31103515625 0.6806640625 0.0771484375 0.103515625

1 0.685546875 0.68310546875 0.076171875 0.1005859375

1 0.1162109375 0.685546875 0.07421875 0.10546875

1 0.88037109375 0.68994140625 0.0751953125 0.1064453125

1 0.5009765625 0.69091796875 0.08203125 0.1044921875

1 0.1298828125 0.86474609375 0.07421875 0.1044921875

1 0.49755859375 0.8701171875 0.0751953125 0.087890625

1 0.31640625 0.87060546875 0.076171875 0.0966796875

1 0.88134765625 0.8740234375 0.0732421875 0.099609375

1 0.68212890625 0.87646484375 0.0732421875 0.1083984375