1 0.9466666666666667 0.3112745098039216 0.035555555555555556 0.0392156862745098

1 0.024444444444444446 0.3321078431372549 0.04888888888888889 0.09558823529411764

1 0.5422222222222223 0.39705882352941174 0.6711111111111111 0.7794117647058824

1 0.6144444444444445 0.05269607843137255 0.05555555555555555 0.07598039215686274

1 0.35888888888888887 0.5147058823529411 0.06 0.07352941176470588

1 0.6288888888888889 0.13602941176470587 0.06666666666666667 0.07598039215686274

1 0.5422222222222223 0.1409313725490196 0.07111111111111111 0.08088235294117647

1 0.37222222222222223 0.1482843137254902 0.042222222222222223 0.07598039215686274