1 0.41357421875 0.22395833333333334 0.0439453125 0.09027777777777778

1 0.49267578125 0.265625 0.0400390625 0.1076388888888889

1 0.32958984375 0.2847222222222222 0.0517578125 0.09722222222222222

1 0.24853515625 0.4131944444444444 0.0615234375 0.1388888888888889

1 0.43701171875 0.4331597222222222 0.0517578125 0.11979166666666667

1 0.55517578125 0.6319444444444444 0.0615234375 0.13541666666666666

1 0.41748046875 0.7048611111111112 0.0556640625 0.1527777777777778

1 0.74853515625 0.10503472222222222 0.0576171875 0.13368055555555555

1 0.6025390625 0.140625 0.046875 0.11458333333333333

1 0.3408203125 0.1527777777777778 0.0546875 0.09722222222222222