1 0.4991438356164384 0.2610350076103501 0.03767123287671233 0.0837138508371385

1 0.2979452054794521 0.2625570776255708 0.04280821917808219 0.0958904109589041

1 0.432791095890411 0.2625570776255708 0.0351027397260274 0.0806697108066971

1 0.03553082191780822 0.2640791476407915 0.03339041095890411 0.0837138508371385

1 0.9653253424657534 0.2656012176560122 0.036815068493150686 0.1050228310502283

1 0.22902397260273974 0.2656012176560122 0.05051369863013699 0.1050228310502283

1 0.10102739726027397 0.2663622526636225 0.03767123287671233 0.0852359208523592

1 0.829195205479452 0.2663622526636225 0.0351027397260274 0.0882800608828006

1 0.16695205479452055 0.2678843226788432 0.039383561643835614 0.0882800608828006

1 0.764554794520548 0.2678843226788432 0.046232876712328765 0.0791476407914764

1 0.3634417808219178 0.2686453576864536 0.036815068493150686 0.0837138508371385

1 0.894263698630137 0.2701674277016743 0.036815068493150686 0.0958904109589041

1 0.6943493150684932 0.2709284627092846 0.03767123287671233 0.0943683409436834

1 0.632277397260274 0.271689497716895 0.038527397260273974 0.0776255707762557

1 0.5714897260273972 0.273972602739726 0.038527397260273974 0.0882800608828006

1 0.034674657534246575 0.03272450532724505 0.04195205479452055 0.0624048706240487

1 0.5012842465753424 0.0365296803652968 0.038527397260273974 0.0639269406392694

1 0.16138698630136986 0.0380517503805175 0.0351027397260274 0.0730593607305936

1 0.23373287671232876 0.0380517503805175 0.03595890410958904 0.0669710806697108

1 0.8398972602739726 0.0380517503805175 0.03767123287671233 0.0730593607305936

1 0.898972602739726 0.03881278538812785 0.03595890410958904 0.0776255707762557

1 0.9700342465753424 0.03881278538812785 0.039383561643835614 0.0684931506849315

1 0.4982876712328767 0.3820395738203957 0.04452054794520548 0.0943683409436834

1 0.23373287671232876 0.3828006088280061 0.04794520547945205 0.0928462709284627

1 0.7007705479452054 0.3828006088280061 0.038527397260273974 0.0837138508371385

1 0.8981164383561644 0.3835616438356164 0.03424657534246575 0.0943683409436834

1 0.3647260273972603 0.3843226788432268 0.03424657534246575 0.0806697108066971

1 0.565068493150685 0.3843226788432268 0.039383561643835614 0.0806697108066971

1 0.9666095890410958 0.3850837138508371 0.03424657534246575 0.076103500761035

1 0.10017123287671233 0.3866057838660578 0.03595890410958904 0.0821917808219178

1 0.1622431506849315 0.3866057838660578 0.04366438356164384 0.0943683409436834

1 0.03210616438356165 0.3873668188736682 0.036815068493150686 0.0867579908675799

1 0.7641267123287672 0.3873668188736682 0.038527397260273974 0.0867579908675799

1 0.4315068493150685 0.3881278538812785 0.032534246575342464 0.076103500761035

1 0.3039383561643836 0.3888888888888889 0.0410958904109589 0.0989345509893455

1 0.6361301369863014 0.3896499238964992 0.039383561643835614 0.0821917808219178

1 0.8403253424657534 0.3896499238964992 0.03339041095890411 0.0974124809741248

1 0.1014554794520548 0.0395738203957382 0.04452054794520548 0.060882800608828

1 0.5612157534246576 0.04033485540334855 0.045376712328767124 0.0776255707762557

1 0.7726883561643836 0.04033485540334855 0.0488013698630137 0.0715372907153729

1 0.4323630136986301 0.0410958904109589 0.03595890410958904 0.0639269406392694

1 0.367722602739726 0.04185692541856925 0.036815068493150686 0.0745814307458143

1 0.6301369863013698 0.04185692541856925 0.046232876712328765 0.0654490106544901

1 0.3035102739726027 0.0426179604261796 0.03595890410958904 0.0791476407914764

1 0.6943493150684932 0.04337899543378995 0.03767123287671233 0.0745814307458143

1 0.5 0.4977168949771689 0.0410958904109589 0.1004566210045662

1 0.5706335616438356 0.5007610350076104 0.045376712328767124 0.1004566210045662

1 0.769263698630137 0.5015220700152208 0.0351027397260274 0.0989345509893455

1 0.16909246575342465 0.5030441400304414 0.04195205479452055 0.1141552511415525

1 0.23159246575342465 0.5030441400304414 0.0351027397260274 0.1019786910197869

1 0.8287671232876712 0.5030441400304414 0.0410958904109589 0.1111111111111111

1 0.3664383561643836 0.5038051750380518 0.03424657534246575 0.0943683409436834

1 0.03638698630136986 0.5045662100456622 0.04023972602739726 0.0989345509893455

1 0.896404109589041 0.5053272450532724 0.0410958904109589 0.0943683409436834

1 0.9738869863013698 0.5053272450532724 0.0488013698630137 0.091324200913242

1 0.2966609589041096 0.5053272450532724 0.04195205479452055 0.1004566210045662

1 0.6284246575342466 0.5053272450532724 0.029965753424657533 0.1080669710806697

1 0.09674657534246575 0.5083713850837138 0.039383561643835614 0.0943683409436834

1 0.7007705479452054 0.5083713850837138 0.03339041095890411 0.0943683409436834

1 0.4280821917808219 0.5098934550989346 0.04280821917808219 0.0943683409436834

1 0.0997431506849315 0.6126331811263318 0.04023972602739726 0.0867579908675799

1 0.16866438356164384 0.6164383561643836 0.04452054794520548 0.1035007610350076

1 0.901541095890411 0.6210045662100456 0.04280821917808219 0.0882800608828006

1 0.9747431506849316 0.6210045662100456 0.045376712328767124 0.106544901065449

1 0.8360445205479452 0.621765601217656 0.04023972602739726 0.0898021308980213

1 0.7641267123287672 0.6232876712328768 0.04195205479452055 0.0867579908675799

1 0.4340753424657534 0.624048706240487 0.0410958904109589 0.0882800608828006

1 0.5659246575342466 0.624048706240487 0.04452054794520548 0.0882800608828006

1 0.02868150684931507 0.6248097412480974 0.04708904109589041 0.0958904109589041

1 0.2358732876712329 0.6255707762557078 0.038527397260273974 0.106544901065449

1 0.6365582191780822 0.6270928462709284 0.04195205479452055 0.0974124809741248

1 0.3022260273972603 0.6286149162861492 0.046232876712328765 0.0821917808219178

1 0.3660102739726027 0.6286149162861492 0.04366438356164384 0.091324200913242

1 0.5064212328767124 0.6301369863013698 0.04023972602739726 0.0852359208523592

1 0.697345890410959 0.6301369863013698 0.04366438356164384 0.0852359208523592

1 0.7628424657534246 0.7336377473363774 0.03767123287671233 0.0882800608828006

1 0.9666095890410958 0.7382039573820396 0.04280821917808219 0.1004566210045662

1 0.168236301369863 0.7397260273972602 0.0351027397260274 0.0791476407914764

1 0.23116438356164384 0.7397260273972602 0.03595890410958904 0.0974124809741248

1 0.9006849315068494 0.741248097412481 0.03595890410958904 0.0821917808219178

1 0.3013698630136986 0.741248097412481 0.0410958904109589 0.1004566210045662

1 0.5029965753424658 0.741248097412481 0.04195205479452055 0.091324200913242

1 0.03339041095890411 0.7420091324200914 0.039383561643835614 0.0867579908675799

1 0.5663527397260274 0.7427701674277016 0.04366438356164384 0.0882800608828006

1 0.699486301369863 0.745814307458143 0.030821917808219176 0.0791476407914764

1 0.8300513698630136 0.7473363774733638 0.0351027397260274 0.091324200913242

1 0.3690068493150685 0.7480974124809742 0.03767123287671233 0.0867579908675799

1 0.10573630136986302 0.7488584474885844 0.04195205479452055 0.0882800608828006

1 0.4383561643835616 0.7488584474885844 0.03595890410958904 0.0791476407914764

1 0.639554794520548 0.7496194824961948 0.0410958904109589 0.0806697108066971

1 0.502568493150685 0.8531202435312024 0.0410958904109589 0.0898021308980213

1 0.22988013698630136 0.8538812785388128 0.04023972602739726 0.091324200913242

1 0.5633561643835616 0.8546423135464232 0.03424657534246575 0.0867579908675799

1 0.964041095890411 0.8554033485540334 0.039383561643835614 0.0943683409436834

1 0.8240582191780822 0.8569254185692542 0.0351027397260274 0.1004566210045662

1 0.8981164383561644 0.8584474885844748 0.030821917808219176 0.091324200913242

1 0.7624143835616438 0.8584474885844748 0.04195205479452055 0.091324200913242

1 0.370291095890411 0.8599695585996956 0.036815068493150686 0.0943683409436834

1 0.10231164383561644 0.860730593607306 0.036815068493150686 0.0776255707762557

1 0.3013698630136986 0.860730593607306 0.039383561643835614 0.1050228310502283

1 0.6331335616438356 0.8614916286149162 0.036815068493150686 0.0882800608828006

1 0.16652397260273974 0.8622526636225266 0.03339041095890411 0.0776255707762557

1 0.030821917808219176 0.8622526636225266 0.03595890410958904 0.0928462709284627

1 0.4345034246575342 0.8637747336377474 0.04366438356164384 0.0867579908675799

1 0.6977739726027398 0.8721461187214612 0.03424657534246575 0.0974124809741248

1 0.2988013698630137 0.9596651445966514 0.04965753424657534 0.0776255707762557

1 0.3724315068493151 0.9611872146118722 0.046232876712328765 0.0745814307458143

1 0.9674657534246576 0.9619482496194824 0.03767123287671233 0.0730593607305936

1 0.1695205479452055 0.9619482496194824 0.04965753424657534 0.0730593607305936

1 0.2264554794520548 0.9634703196347032 0.04023972602739726 0.0700152207001522

1 0.6279965753424658 0.9634703196347032 0.05051369863013699 0.0700152207001522

1 0.7696917808219178 0.9634703196347032 0.039383561643835614 0.0700152207001522

1 0.03767123287671233 0.9642313546423136 0.039383561643835614 0.0684931506849315

1 0.9058219178082192 0.9649923896499238 0.03767123287671233 0.0669710806697108

1 0.4340753424657534 0.9649923896499238 0.04452054794520548 0.0669710806697108

1 0.7029109589041096 0.9657534246575342 0.0410958904109589 0.0654490106544901

1 0.0976027397260274 0.967275494672755 0.02910958904109589 0.0532724505327245

1 0.8334760273972602 0.967275494672755 0.045376712328767124 0.0624048706240487

1 0.5051369863013698 0.9687975646879756 0.04794520547945205 0.0593607305936073

1 0.5676369863013698 0.9710806697108066 0.0410958904109589 0.0547945205479452

1 0.5012842465753424 0.14079147640791476 0.045376712328767124 0.0958904109589041

1 0.430222602739726 0.1415525114155251 0.045376712328767124 0.1035007610350076

1 0.3651541095890411 0.1430745814307458 0.04366438356164384 0.1004566210045662

1 0.5684931506849316 0.1461187214611872 0.0410958904109589 0.0882800608828006

1 0.9666095890410958 0.14687975646879756 0.046232876712328765 0.0989345509893455

1 0.038527397260273974 0.14840182648401826 0.04452054794520548 0.1019786910197869

1 0.6977739726027398 0.14840182648401826 0.039383561643835614 0.0928462709284627

1 0.7641267123287672 0.14840182648401826 0.04023972602739726 0.0837138508371385

1 0.3086472602739726 0.1491628614916286 0.04366438356164384 0.0943683409436834

1 0.2341609589041096 0.14992389649923896 0.038527397260273974 0.0958904109589041

1 0.6352739726027398 0.14992389649923896 0.039383561643835614 0.0898021308980213

1 0.9019691780821918 0.1506849315068493 0.038527397260273974 0.0974124809741248

1 0.09332191780821918 0.1506849315068493 0.039383561643835614 0.1004566210045662

1 0.16695205479452055 0.1506849315068493 0.030821917808219176 0.0882800608828006

1 0.8386130136986302 0.15144596651445966 0.038527397260273974 0.1111111111111111