1 0.5620967741935484 0.2595505617977528 0.06612903225806452 0.1146067415730337

1 0.06129032258064516 0.2651685393258427 0.07096774193548387 0.10337078651685393

1 0.9395161290322581 0.2651685393258427 0.07258064516129033 0.11235955056179775

1 0.31209677419354837 0.26741573033707866 0.06612903225806452 0.10337078651685393

1 0.1814516129032258 0.27191011235955054 0.06612903225806452 0.10337078651685393

1 0.43709677419354837 0.27191011235955054 0.07419354838709677 0.09887640449438202

1 0.6943548387096774 0.2752808988764045 0.06935483870967742 0.10561797752808989

1 0.825 0.2752808988764045 0.07903225806451612 0.10112359550561797

1 0.6846774193548387 0.4303370786516854 0.07580645161290323 0.11910112359550562

1 0.8112903225806452 0.43258426966292135 0.07741935483870968 0.09662921348314607

1 0.18387096774193548 0.4337078651685393 0.06451612903225806 0.1348314606741573

1 0.05241935483870968 0.4348314606741573 0.07258064516129033 0.12359550561797752

1 0.317741935483871 0.4370786516853933 0.07096774193548387 0.12808988764044943

1 0.5604838709677419 0.43820224719101125 0.06290322580645161 0.10786516853932585

1 0.9443548387096774 0.4404494382022472 0.07258064516129033 0.09887640449438202

1 0.4346774193548387 0.44269662921348313 0.06290322580645161 0.10337078651685393

1 0.6911290322580645 0.597752808988764 0.07903225806451612 0.1348314606741573

1 0.056451612903225805 0.5988764044943821 0.06451612903225806 0.10112359550561797

1 0.5532258064516129 0.5988764044943821 0.06451612903225806 0.1348314606741573

1 0.1782258064516129 0.6022471910112359 0.06612903225806452 0.0853932584269663

1 0.9362903225806452 0.6033707865168539 0.0532258064516129 0.1101123595505618

1 0.43790322580645163 0.604494382022472 0.06290322580645161 0.0853932584269663

1 0.307258064516129 0.6056179775280899 0.07580645161290323 0.1146067415730337

1 0.8137096774193548 0.6056179775280899 0.056451612903225805 0.1146067415730337

1 0.0717741935483871 0.7617977528089888 0.06935483870967742 0.1303370786516854

1 0.5604838709677419 0.7696629213483146 0.07258064516129033 0.11910112359550562

1 0.6967741935483871 0.7696629213483146 0.07096774193548387 0.1101123595505618

1 0.9467741935483871 0.7707865168539326 0.05806451612903226 0.09887640449438202

1 0.1870967741935484 0.7719101123595505 0.07096774193548387 0.12808988764044943

1 0.3161290322580645 0.7719101123595505 0.07419354838709677 0.12808988764044943

1 0.8145161290322581 0.7719101123595505 0.07096774193548387 0.1101123595505618

1 0.4338709677419355 0.7741573033707865 0.06774193548387097 0.11910112359550562

1 0.31048387096774194 0.9303370786516854 0.06290322580645161 0.09438202247191012

1 0.06129032258064516 0.9303370786516854 0.07419354838709677 0.11235955056179775

1 0.1879032258064516 0.9348314606741573 0.05967741935483871 0.11685393258426967

1 0.6919354838709677 0.9382022471910112 0.06451612903225806 0.09662921348314607

1 0.44193548387096776 0.9404494382022472 0.054838709677419356 0.09213483146067415

1 0.9475806451612904 0.9415730337078652 0.07258064516129033 0.0898876404494382

1 0.567741935483871 0.9426966292134832 0.07096774193548387 0.09213483146067415

1 0.056451612903225805 0.09438202247191012 0.07096774193548387 0.12134831460674157

1 0.8129032258064516 0.9438202247191011 0.07741935483870968 0.09887640449438202

1 0.95 0.09662921348314607 0.07096774193548387 0.12134831460674157

1 0.8145161290322581 0.09775280898876404 0.06774193548387097 0.08314606741573034

1 0.5556451612903226 0.09887640449438202 0.08870967741935484 0.11685393258426967

1 0.3209677419354839 0.1 0.06451612903225806 0.11910112359550562

1 0.18387096774193548 0.10112359550561797 0.06774193548387097 0.11685393258426967

1 0.6830645161290323 0.10112359550561797 0.06290322580645161 0.10786516853932585

1 0.432258064516129 0.10224719101123596 0.07419354838709677 0.1146067415730337