1 0.19294871794871796 0.4104330708661417 0.06538461538461539 0.12401574803149606

1 0.7173076923076923 0.41338582677165353 0.05512820512820513 0.1141732283464567

1 0.5038461538461538 0.41732283464566927 0.05128205128205128 0.0984251968503937

1 0.29743589743589743 0.41929133858267714 0.05897435897435897 0.1062992125984252

1 0.9224358974358975 0.41929133858267714 0.05512820512820513 0.10236220472440945

1 0.4012820512820513 0.4202755905511811 0.05641025641025641 0.10826771653543307

1 0.816025641025641 0.4202755905511811 0.052564102564102565 0.10433070866141732

1 0.6076923076923076 0.4271653543307087 0.046153846153846156 0.09055118110236221

1 0.39807692307692305 0.5757874015748031 0.06282051282051282 0.08858267716535433

1 0.8128205128205128 0.5787401574803149 0.05641025641025641 0.1062992125984252

1 0.5032051282051282 0.5797244094488189 0.05 0.10039370078740158

1 0.7128205128205128 0.5807086614173228 0.05384615384615385 0.10236220472440945

1 0.6096153846153847 0.5816929133858267 0.052564102564102565 0.10433070866141732

1 0.19487179487179487 0.5826771653543307 0.05384615384615385 0.1062992125984252

1 0.9230769230769231 0.5866141732283464 0.07948717948717948 0.1141732283464567

1 0.2987179487179487 0.5875984251968503 0.05641025641025641 0.10039370078740158

1 0.19487179487179487 0.734251968503937 0.06153846153846154 0.1062992125984252

1 0.4012820512820513 0.7381889763779528 0.0641025641025641 0.11023622047244094

1 0.9217948717948717 0.7411417322834646 0.06666666666666667 0.12007874015748031

1 0.6057692307692307 0.7421259842519685 0.06794871794871794 0.11811023622047244

1 0.8115384615384615 0.7421259842519685 0.06153846153846154 0.1062992125984252

1 0.30128205128205127 0.7431102362204725 0.06666666666666667 0.10826771653543307

1 0.7083333333333334 0.7431102362204725 0.07051282051282051 0.10826771653543307

1 0.5019230769230769 0.7440944881889764 0.05 0.09448818897637795

1 0.2903846153846154 0.8966535433070866 0.0782051282051282 0.13976377952755906

1 0.4 0.9025590551181102 0.06923076923076923 0.13582677165354332

1 0.1955128205128205 0.905511811023622 0.06025641025641026 0.1220472440944882

1 0.9230769230769231 0.905511811023622 0.06666666666666667 0.1220472440944882

1 0.7121794871794872 0.906496062992126 0.06282051282051282 0.10433070866141732

1 0.8121794871794872 0.906496062992126 0.06282051282051282 0.11614173228346457

1 0.5038461538461538 0.9094488188976378 0.06923076923076923 0.1220472440944882

1 0.6032051282051282 0.9124015748031497 0.057692307692307696 0.10433070866141732