1 0.28908709338929695 0.3448275862068966 0.13326337880377753 0.20114942528735633

1 0.9207764952780693 0.35129310344827586 0.1248688352570829 0.1968390804597701

1 0.7481636935991606 0.35344827586206895 0.1259181532004197 0.19540229885057472

1 0.4669464847848898 0.3599137931034483 0.14690451206715635 0.1910919540229885

1 0.7397691500524659 0.5775862068965517 0.12172088142707241 0.19540229885057472

1 0.3174186778593914 0.5804597701149425 0.09548793284365163 0.1896551724137931

1 0.9223504721930745 0.584051724137931 0.12172088142707241 0.1853448275862069

1 0.4758656873032529 0.5862068965517241 0.13955928646379853 0.20114942528735633

1 0.7534102833158447 0.8829022988505747 0.11122770199370409 0.17959770114942528

1 0.29800629590766003 0.8864942528735632 0.12381951731374606 0.16954022988505746

1 0.9233997901364114 0.8879310344827587 0.12801678908709338 0.1781609195402299

1 0.46379853095487933 0.889367816091954 0.12381951731374606 0.1925287356321839

1 0.9202518363064008 0.10416666666666667 0.12172088142707241 0.20833333333333334

1 0.7476390346274921 0.10919540229885058 0.13746065057712487 0.20114942528735633

1 0.2943336831059811 0.11063218390804598 0.11437565582371459 0.22126436781609196

1 0.47114375655823715 0.11206896551724138 0.13011542497376705 0.20689655172413793