1 0.6603896103896104 0.4700413223140496 0.06883116883116883 0.10950413223140495

1 0.3409090909090909 0.47107438016528924 0.07142857142857142 0.128099173553719

1 0.814935064935065 0.47210743801652894 0.05844155844155844 0.13016528925619836

1 0.18701298701298702 0.4731404958677686 0.06493506493506493 0.1322314049586777

1 0.9681818181818181 0.4762396694214876 0.06103896103896104 0.1012396694214876

1 0.033766233766233764 0.4772727272727273 0.06493506493506493 0.128099173553719

1 0.5058441558441559 0.4772727272727273 0.06103896103896104 0.14049586776859505

1 0.031818181818181815 0.7138429752066116 0.06363636363636363 0.10950413223140495

1 0.19545454545454546 0.7200413223140496 0.07402597402597402 0.13429752066115702

1 0.34545454545454546 0.7200413223140496 0.06233766233766234 0.11363636363636363

1 0.4980519480519481 0.7200413223140496 0.06363636363636363 0.13429752066115702

1 0.8051948051948052 0.7231404958677686 0.07532467532467532 0.1652892561983471

1 0.9720779220779221 0.7262396694214877 0.053246753246753244 0.14256198347107438

1 0.6642857142857143 0.731404958677686 0.05844155844155844 0.11570247933884298

1 0.03051948051948052 0.9400826446280992 0.06103896103896104 0.11570247933884298

1 0.19545454545454546 0.9442148760330579 0.08441558441558442 0.10743801652892562

1 0.5038961038961038 0.9473140495867769 0.09090909090909091 0.1012396694214876

1 0.6590909090909091 0.9473140495867769 0.06883116883116883 0.1012396694214876

1 0.9707792207792207 0.9473140495867769 0.05584415584415584 0.1012396694214876

1 0.33766233766233766 0.9493801652892562 0.06493506493506493 0.09710743801652892

1 0.811038961038961 0.9493801652892562 0.06883116883116883 0.09710743801652892