1 0.08020833333333334 0.5416666666666666 0.08958333333333333 0.21212121212121213

1 0.24583333333333332 0.5454545454545454 0.0875 0.2196969696969697

1 0.415625 0.553030303030303 0.08125 0.18181818181818182

1 0.5822916666666667 0.5568181818181818 0.07708333333333334 0.1893939393939394

1 0.75 0.5643939393939394 0.125 0.25757575757575757

1 0.9260416666666667 0.5757575757575758 0.11875 0.23484848484848486

1 0.415625 0.865530303030303 0.10625 0.24621212121212122

1 0.07916666666666666 0.865530303030303 0.09166666666666666 0.20833333333333334

1 0.75 0.8674242424242424 0.1125 0.25

1 0.5864583333333333 0.8693181818181818 0.11875 0.2537878787878788

1 0.246875 0.875 0.09791666666666667 0.19696969696969696

1 0.9135416666666667 0.8731060606060606 0.11875 0.24621212121212122

1 0.08333333333333333 0.24053030303030304 0.09583333333333334 0.23863636363636365

1 0.91875 0.24621212121212122 0.1125 0.25

1 0.2520833333333333 0.2481060606060606 0.10833333333333334 0.24621212121212122

1 0.7458333333333333 0.2518939393939394 0.10833333333333334 0.22348484848484848

1 0.425 0.2537878787878788 0.1 0.23484848484848486

1 0.590625 0.2537878787878788 0.08958333333333333 0.19696969696969696