1 0.707843137254902 0.616751269035533 0.15294117647058825 0.19796954314720813

1 0.29411764705882354 0.6218274111675127 0.14901960784313725 0.20812182741116753

1 0.5 0.6243654822335025 0.1607843137254902 0.2131979695431472

1 0.08823529411764706 0.6269035532994924 0.15294117647058825 0.19796954314720813

1 0.9156862745098039 0.6294416243654822 0.15294117647058825 0.20304568527918782

1 0.703921568627451 0.8705583756345178 0.15294117647058825 0.19796954314720813

1 0.296078431372549 0.8705583756345178 0.15294117647058825 0.20812182741116753

1 0.4980392156862745 0.8730964467005076 0.14901960784313725 0.20304568527918782

1 0.08627450980392157 0.8730964467005076 0.14901960784313725 0.19289340101522842

1 0.907843137254902 0.8730964467005076 0.1607843137254902 0.20304568527918782

1 0.7196078431372549 0.09644670050761421 0.12156862745098039 0.19289340101522842

1 0.0803921568627451 0.10913705583756345 0.12941176470588237 0.17766497461928935

1 0.9156862745098039 0.1116751269035533 0.13725490196078433 0.20304568527918782

1 0.29215686274509806 0.1116751269035533 0.1450980392156863 0.19289340101522842

1 0.492156862745098 0.11421319796954314 0.13725490196078433 0.18781725888324874

1 0.08823529411764706 0.3426395939086294 0.1450980392156863 0.18781725888324874

1 0.9117647058823529 0.3426395939086294 0.1450980392156863 0.19796954314720813

1 0.29411764705882354 0.3426395939086294 0.13333333333333333 0.18781725888324874

1 0.7137254901960784 0.3477157360406091 0.13333333333333333 0.18781725888324874

1 0.5078431372549019 0.35279187817258884 0.1450980392156863 0.19796954314720813