1 0.25600961538461536 0.33052884615384615 0.2548076923076923 0.3485576923076923

1 0.7055288461538461 0.2704326923076923 0.23076923076923078 0.29086538461538464

1 0.2620192307692308 0.6754807692307693 0.22596153846153846 0.30288461538461536

1 0.7680288461538461 0.6538461538461539 0.2283653846153846 0.3269230769230769

1 0.46274038461538464 0.8401442307692307 0.2091346153846154 0.31490384615384615

1 0.6454326923076923 0.8641826923076923 0.20432692307692307 0.25240384615384615

1 0.5420673076923077 0.13942307692307693 0.19951923076923078 0.27884615384615385

1 0.3605769230769231 0.16947115384615385 0.20432692307692307 0.32211538461538464