1 0.6574519230769231 0.24879807692307693 0.25961538461538464 0.35096153846153844

1 0.22115384615384615 0.36899038461538464 0.23317307692307693 0.2932692307692308

1 0.7872596153846154 0.5697115384615384 0.23076923076923078 0.30288461538461536

1 0.3125 0.7463942307692307 0.23317307692307693 0.3269230769230769

1 0.6730769230769231 0.8112980769230769 0.21153846153846154 0.34134615384615385

1 0.5096153846153846 0.8810096153846154 0.21153846153846154 0.23317307692307693

1 0.3161057692307692 0.171875 0.20192307692307693 0.30528846153846156

1 0.4987980769230769 0.15264423076923078 0.2091346153846154 0.30528846153846156