1 0.3329326923076923 0.2548076923076923 0.25 0.34615384615384615

1 0.7740384615384616 0.359375 0.22596153846153846 0.28846153846153844

1 0.21514423076923078 0.5793269230769231 0.22355769230769232 0.3004807692307692

1 0.6959134615384616 0.7391826923076923 0.22355769230769232 0.3245192307692308

1 0.33774038461538464 0.8173076923076923 0.20192307692307693 0.33653846153846156

1 0.5060096153846154 0.8822115384615384 0.20432692307692307 0.23076923076923078

1 0.6730769230769231 0.1658653846153846 0.19230769230769232 0.30288461538461536

1 0.49038461538461536 0.15144230769230768 0.20192307692307693 0.30288461538461536