1 0.17008797653958943 0.35993485342019543 0.04887585532746823 0.11726384364820847

1 0.39051808406647115 0.36237785016286644 0.053763440860215055 0.12866449511400652

1 0.8347996089931574 0.36237785016286644 0.06451612903225806 0.11237785016286644

1 0.6104594330400782 0.3688925081433225 0.05571847507331378 0.1254071661237785

1 0.2781036168132942 0.3697068403908795 0.059628543499511244 0.12052117263843648

1 0.4975562072336266 0.3745928338762215 0.05865102639296188 0.1237785016286645

1 0.7179863147605083 0.3745928338762215 0.0635386119257087 0.12052117263843648

1 0.05327468230694037 0.3754071661237785 0.053763440860215055 0.1254071661237785

1 0.9389051808406648 0.38517915309446255 0.06744868035190615 0.11889250814332247

1 0.6109481915933529 0.6009771986970684 0.05474095796676442 0.10097719869706841

1 0.27663734115347016 0.6042345276872965 0.056695992179863146 0.13680781758957655

1 0.5034213098729228 0.6066775244299675 0.044965786901270774 0.0993485342019544

1 0.17008797653958943 0.6074918566775245 0.05474095796676442 0.13355048859934854

1 0.3890518084066471 0.6074918566775245 0.056695992179863146 0.11726384364820847

1 0.9408602150537635 0.6123778501628665 0.06549364613880743 0.1237785016286645

1 0.05180840664711633 0.6164495114006515 0.056695992179863146 0.13192182410423453

1 0.8318670576735093 0.6172638436482085 0.06256109481915934 0.13680781758957655

1 0.7209188660801564 0.6278501628664495 0.06940371456500488 0.13843648208469056

1 0.38514173998044965 0.8477198697068404 0.06256109481915934 0.1482084690553746

1 0.83088954056696 0.8493485342019544 0.056695992179863146 0.1449511400651466

1 0.501466275659824 0.8583061889250815 0.06256109481915934 0.1270358306188925

1 0.6060606060606061 0.8607491856677525 0.05474095796676442 0.13192182410423453

1 0.16666666666666666 0.8615635179153095 0.06158357771260997 0.13355048859934854

1 0.059628543499511244 0.8615635179153095 0.06842619745845552 0.13680781758957655

1 0.27712609970674484 0.8640065146579805 0.053763440860215055 0.12214983713355049

1 0.7209188660801564 0.8664495114006515 0.06940371456500488 0.15309446254071662

1 0.9413489736070382 0.8705211726384365 0.06256109481915934 0.11889250814332247

1 0.05913978494623656 0.11319218241042345 0.06549364613880743 0.1449511400651466

1 0.9389051808406648 0.12052117263843648 0.05571847507331378 0.11726384364820847

1 0.3866080156402737 0.12214983713355049 0.05571847507331378 0.10749185667752444

1 0.4980449657869013 0.1237785016286645 0.053763440860215055 0.11074918566775244

1 0.7228739002932552 0.1278501628664495 0.053763440860215055 0.11563517915309446

1 0.1705767350928641 0.13110749185667753 0.04985337243401759 0.1254071661237785

1 0.8352883675464321 0.13599348534201955 0.06940371456500488 0.10260586319218241

1 0.28005865102639294 0.13762214983713356 0.0635386119257087 0.12866449511400652

1 0.6129032258064516 0.13843648208469056 0.05474095796676442 0.1237785016286645