1 0.5192307692307693 0.40384615384615385 0.17548076923076922 0.2956730769230769

1 0.21634615384615385 0.4879807692307692 0.15144230769230768 0.25240384615384615

1 0.6610576923076923 0.5492788461538461 0.21875 0.31971153846153844

1 0.4831730769230769 0.5997596153846154 0.1971153846153846 0.2932692307692308

1 0.055288461538461536 0.6634615384615384 0.10817307692307693 0.3125

1 0.28966346153846156 0.6610576923076923 0.18269230769230768 0.30528846153846156

1 0.13581730769230768 0.8221153846153846 0.19230769230769232 0.2644230769230769