1 0.48197115384615385 0.4026442307692308 0.18028846153846154 0.2980769230769231

1 0.7836538461538461 0.49399038461538464 0.15625 0.25240384615384615

1 0.33774038461538464 0.5456730769230769 0.22355769230769232 0.32211538461538464

1 0.515625 0.5997596153846154 0.20192307692307693 0.2956730769230769

1 0.9411057692307693 0.6730769230769231 0.11298076923076923 0.3173076923076923

1 0.7079326923076923 0.6646634615384616 0.1875 0.3076923076923077

1 0.8581730769230769 0.828125 0.19471153846153846 0.2668269230769231