1 0.5528846153846154 0.4170673076923077 0.23076923076923078 0.3173076923076923

1 0.23918269230769232 0.3870192307692308 0.19951923076923078 0.27163461538461536

1 0.6334134615384616 0.6033653846153846 0.27884615384615385 0.35096153846153844

1 0.4483173076923077 0.5877403846153846 0.25240384615384615 0.32211538461538464

1 0.056490384615384616 0.49278846153846156 0.11298076923076923 0.32211538461538464

1 0.24639423076923078 0.5745192307692307 0.24278846153846154 0.3293269230769231

1 0.0829326923076923 0.6694711538461539 0.1658653846153846 0.2956730769230769