1 0.6057692307692307 0.20793269230769232 0.11778846153846154 0.17548076923076922

1 0.6742788461538461 0.390625 0.11538461538461539 0.23557692307692307

1 0.78125 0.43149038461538464 0.12980769230769232 0.22115384615384615

1 0.2824519230769231 0.38100961538461536 0.17307692307692307 0.2764423076923077

1 0.41947115384615385 0.4411057692307692 0.12259615384615384 0.21394230769230768

1 0.5168269230769231 0.484375 0.13221153846153846 0.23317307692307693

1 0.6622596153846154 0.6201923076923077 0.14423076923076922 0.18509615384615385

1 0.8966346153846154 0.7596153846153846 0.18269230769230768 0.3173076923076923

1 0.3088942307692308 0.7055288461538461 0.20192307692307693 0.2668269230769231

1 0.5516826923076923 0.7584134615384616 0.12259615384615384 0.22355769230769232