1 0.38461538461538464 0.21153846153846154 0.12259615384615384 0.1778846153846154

1 0.32211538461538464 0.39663461538461536 0.12259615384615384 0.23557692307692307

1 0.21634615384615385 0.4411057692307692 0.13701923076923078 0.22355769230769232

1 0.7127403846153846 0.37259615384615385 0.18269230769230768 0.27884615384615385

1 0.578125 0.4375 0.12740384615384615 0.21634615384615385

1 0.48197115384615385 0.4855769230769231 0.13942307692307693 0.23557692307692307

1 0.34134615384615385 0.625 0.14903846153846154 0.18990384615384615

1 0.11057692307692307 0.7716346153846154 0.19471153846153846 0.31971153846153844

1 0.6983173076923077 0.6995192307692307 0.21153846153846154 0.27163461538461536

1 0.4579326923076923 0.7596153846153846 0.12980769230769232 0.22596153846153846