1 0.5324519230769231 0.49038461538461536 0.055288461538461536 0.07692307692307693

1 0.10697115384615384 0.6526442307692307 0.05048076923076923 0.07211538461538461

1 0.9663461538461539 0.47596153846153844 0.03125 0.04326923076923077

1 0.78125 0.5252403846153846 0.03365384615384615 0.05048076923076923

1 0.7572115384615384 0.5432692307692307 0.02403846153846154 0.038461538461538464

1 0.9735576923076923 0.5048076923076923 0.026442307692307692 0.038461538461538464

1 0.7247596153846154 0.5733173076923077 0.028846153846153848 0.040865384615384616