1 0.4879807692307692 0.18990384615384615 0.14182692307692307 0.18509615384615385

1 0.6213942307692307 0.3329326923076923 0.15144230769230768 0.24278846153846154

1 0.7355769230769231 0.3317307692307692 0.16346153846153846 0.23317307692307693

1 0.2536057692307692 0.4699519230769231 0.21394230769230768 0.2932692307692308

1 0.4026442307692308 0.47475961538461536 0.15384615384615385 0.22355769230769232

1 0.5108173076923077 0.4795673076923077 0.1658653846153846 0.24278846153846154

1 0.6959134615384616 0.5504807692307693 0.16826923076923078 0.20192307692307693

1 0.9242788461538461 0.5925480769230769 0.1466346153846154 0.33413461538461536

1 0.40024038461538464 0.7620192307692307 0.2403846153846154 0.28846153846153844

1 0.6442307692307693 0.7199519230769231 0.15625 0.23317307692307693