1 0.46634615384615385 0.5012019230769231 0.04567307692307692 0.07211538461538461

1 0.921875 0.5168269230769231 0.040865384615384616 0.06971153846153846

1 0.051682692307692304 0.6286057692307693 0.026442307692307692 0.040865384615384616

1 0.24278846153846154 0.6153846153846154 0.026442307692307692 0.04807692307692308

1 0.2704326923076923 0.625 0.016826923076923076 0.038461538461538464

1 0.054086538461538464 0.6586538461538461 0.021634615384615384 0.036057692307692304

1 0.3112980769230769 0.6430288461538461 0.02403846153846154 0.038461538461538464