1 0.46634615384615385 0.5012019230769231 0.04326923076923077 0.07211538461538461

1 0.9206730769230769 0.5240384615384616 0.040865384615384616 0.0673076923076923

1 0.04927884615384615 0.6201923076923077 0.026442307692307692 0.040865384615384616

1 0.2403846153846154 0.6105769230769231 0.026442307692307692 0.04807692307692308

1 0.2692307692307692 0.6213942307692307 0.016826923076923076 0.038461538461538464

1 0.051682692307692304 0.6502403846153846 0.021634615384615384 0.036057692307692304

1 0.3088942307692308 0.6394230769230769 0.02403846153846154 0.038461538461538464