1 0.33774038461538464 0.6899038461538461 0.27403846153846156 0.3245192307692308

1 0.4831730769230769 0.08774038461538461 0.21634615384615385 0.17548076923076922

1 0.8064903846153846 0.15985576923076922 0.3004807692307692 0.31971153846153844

1 0.11658653846153846 0.30528846153846156 0.23317307692307693 0.41346153846153844

1 0.44471153846153844 0.27884615384615385 0.17548076923076922 0.23076923076923078

1 0.6225961538461539 0.2848557692307692 0.23798076923076922 0.3173076923076923

1 0.3329326923076923 0.36658653846153844 0.2283653846153846 0.2956730769230769

1 0.5600961538461539 0.6105769230769231 0.2932692307692308 0.3485576923076923

1 0.8413461538461539 0.5600961538461539 0.3125 0.39903846153846156