1 0.28125 0.6201923076923077 0.24519230769230768 0.30528846153846156

1 0.6370192307692307 0.09495192307692307 0.1971153846153846 0.18269230769230768

1 0.8978365384615384 0.24278846153846154 0.19951923076923078 0.40865384615384615

1 0.16466346153846154 0.18028846153846154 0.2956730769230769 0.3605769230769231

1 0.5276442307692307 0.27283653846153844 0.15384615384615385 0.21875

1 0.6911057692307693 0.3425480769230769 0.2091346153846154 0.30288461538461536

1 0.3918269230769231 0.3161057692307692 0.19951923076923078 0.28125

1 0.515625 0.6237980769230769 0.2620192307692308 0.3269230769230769

1 0.7992788461538461 0.6778846153846154 0.27884615384615385 0.375