1 0.27884615384615385 0.6153846153846154 0.25 0.3076923076923077

1 0.6442307692307693 0.09735576923076923 0.19951923076923078 0.18509615384615385

1 0.8990384615384616 0.24879807692307693 0.1971153846153846 0.4110576923076923

1 0.17067307692307693 0.1778846153846154 0.30288461538461536 0.3557692307692308

1 0.53125 0.27403846153846156 0.15625 0.22115384615384615

1 0.6935096153846154 0.34615384615384615 0.21394230769230768 0.30528846153846156

1 0.3954326923076923 0.3137019230769231 0.20432692307692307 0.28365384615384615

1 0.5144230769230769 0.625 0.2668269230769231 0.3293269230769231

1 0.7956730769230769 0.6838942307692307 0.28365384615384615 0.3798076923076923