1 0.2127403846153846 0.17668269230769232 0.036057692307692304 0.057692307692307696

1 0.17548076923076922 0.17548076923076922 0.028846153846153848 0.06490384615384616

1 0.10336538461538461 0.17427884615384615 0.057692307692307696 0.09615384615384616

1 0.6706730769230769 0.22956730769230768 0.07451923076923077 0.11538461538461539

1 0.7860576923076923 0.27163461538461536 0.04326923076923077 0.08413461538461539

1 0.96875 0.3329326923076923 0.057692307692307696 0.11298076923076923

1 0.3473557692307692 0.1045673076923077 0.07451923076923077 0.1346153846153846