1 0.7199519230769231 0.12740384615384615 0.04567307692307692 0.0625

1 0.7560096153846154 0.11899038461538461 0.040865384615384616 0.0673076923076923

1 0.8269230769230769 0.1045673076923077 0.07211538461538461 0.10336538461538461

1 0.28125 0.26802884615384615 0.09134615384615384 0.125

1 0.17548076923076922 0.33052884615384615 0.057692307692307696 0.08653846153846154

1 0.02403846153846154 0.4254807692307692 0.04807692307692308 0.1201923076923077

1 0.5745192307692307 0.0829326923076923 0.09615384615384616 0.14423076923076922