1 0.24278846153846154 0.15264423076923078 0.038461538461538464 0.06009615384615385

1 0.20552884615384615 0.14783653846153846 0.03365384615384615 0.06490384615384616

1 0.13341346153846154 0.14182692307692307 0.06490384615384616 0.0985576923076923

1 0.6935096153846154 0.24639423076923078 0.08173076923076923 0.1201923076923077

1 0.8040865384615384 0.2980769230769231 0.05048076923076923 0.08653846153846154

1 0.9723557692307693 0.3737980769230769 0.05048076923076923 0.11778846153846154

1 0.38221153846153844 0.09254807692307693 0.08413461538461539 0.13942307692307693