1 0.9495192307692307 0.9700704225352113 0.07211538461538461 0.045774647887323945

1 0.6826923076923077 0.9507042253521126 0.07211538461538461 0.0880281690140845

1 0.5817307692307693 0.9436619718309859 0.06490384615384616 0.09859154929577464

1 0.4206730769230769 0.8169014084507042 0.07692307692307693 0.1443661971830986

1 0.46153846153846156 0.7640845070422535 0.0889423076923077 0.16549295774647887

1 0.07692307692307693 0.6866197183098591 0.09134615384615384 0.16549295774647887

1 0.1875 0.823943661971831 0.08173076923076923 0.1443661971830986

1 0.22596153846153846 0.5563380281690141 0.10576923076923077 0.1795774647887324

1 0.3293269230769231 0.8767605633802817 0.08653846153846154 0.1619718309859155

1 0.8725961538461539 0.34507042253521125 0.25 0.4295774647887324

1 0.7403846153846154 0.8485915492957746 0.09134615384615384 0.1619718309859155

1 0.65625 0.8485915492957746 0.09375 0.1936619718309859

1 0.5168269230769231 0.5985915492957746 0.10336538461538461 0.20422535211267606