1 0.9495192307692307 0.024734982332155476 0.06971153846153846 0.04946996466431095

1 0.6826923076923077 0.045936395759717315 0.07211538461538461 0.08833922261484099

1 0.5817307692307693 0.053003533568904596 0.06490384615384616 0.0989399293286219

1 0.4206730769230769 0.18021201413427562 0.07692307692307693 0.14487632508833923

1 0.46153846153846156 0.2332155477031802 0.0889423076923077 0.16607773851590105

1 0.07692307692307693 0.31095406360424027 0.09134615384615384 0.16607773851590105

1 0.1875 0.17314487632508835 0.08173076923076923 0.14487632508833923

1 0.22596153846153846 0.4416961130742049 0.10576923076923077 0.18021201413427562

1 0.3293269230769231 0.12014134275618374 0.08653846153846154 0.1625441696113074

1 0.8725961538461539 0.6537102473498233 0.25 0.43109540636042404

1 0.7403846153846154 0.14840989399293286 0.09134615384615384 0.1625441696113074

1 0.65625 0.14840989399293286 0.09375 0.19434628975265017

1 0.5168269230769231 0.3992932862190813 0.10336538461538461 0.2049469964664311