1 0.45913461538461536 0.9244604316546763 0.1778846153846154 0.1366906474820144

1 0.7103365384615384 0.8327338129496403 0.14903846153846154 0.19424460431654678

1 0.4675480769230769 0.6744604316546763 0.17307692307692307 0.22661870503597123

1 0.5276442307692307 0.5485611510791367 0.15865384615384615 0.1906474820143885

1 0.7055288461538461 0.46223021582733814 0.13701923076923078 0.1618705035971223

1 0.7079326923076923 0.3435251798561151 0.10336538461538461 0.14388489208633093

1 0.47716346153846156 0.2823741007194245 0.15625 0.20863309352517986

1 0.7175480769230769 0.22482014388489208 0.10817307692307693 0.13309352517985612

1 0.7223557692307693 0.0683453237410072 0.13701923076923078 0.1366906474820144

1 0.5204326923076923 0.039568345323741004 0.1466346153846154 0.07913669064748201