1 0.45913461538461536 0.0703971119133574 0.1778846153846154 0.1407942238267148

1 0.6754807692307693 0.023465703971119134 0.14903846153846154 0.04693140794223827

1 0.7103365384615384 0.16425992779783394 0.14903846153846154 0.19494584837545126

1 0.4675480769230769 0.3231046931407942 0.17307692307692307 0.22743682310469315

1 0.5276442307692307 0.44945848375451264 0.15865384615384615 0.19133574007220217

1 0.7055288461538461 0.5361010830324909 0.13701923076923078 0.1624548736462094

1 0.7079326923076923 0.6552346570397112 0.10336538461538461 0.1444043321299639

1 0.47716346153846156 0.7166064981949458 0.15625 0.20938628158844766

1 0.7175480769230769 0.7743682310469314 0.10817307692307693 0.13357400722021662

1 0.7223557692307693 0.9314079422382672 0.13701923076923078 0.1299638989169675

1 0.5204326923076923 0.9584837545126353 0.1466346153846154 0.07581227436823104