1 0.45913461538461536 0.927797833935018 0.1778846153846154 0.1371841155234657

1 0.7103365384615384 0.8357400722021661 0.14903846153846154 0.19494584837545126

1 0.4675480769230769 0.6768953068592057 0.17307692307692307 0.22743682310469315

1 0.5276442307692307 0.5505415162454874 0.15865384615384615 0.19133574007220217

1 0.7055288461538461 0.463898916967509 0.13701923076923078 0.1624548736462094

1 0.7079326923076923 0.3447653429602888 0.10336538461538461 0.1444043321299639

1 0.47716346153846156 0.2833935018050541 0.15625 0.20938628158844766

1 0.7175480769230769 0.22563176895306858 0.10817307692307693 0.13357400722021662

1 0.7223557692307693 0.06859205776173286 0.13701923076923078 0.1371841155234657

1 0.5204326923076923 0.039711191335740074 0.1466346153846154 0.07942238267148015