1 0.22355769230769232 0.16666666666666666 0.10096153846153846 0.19658119658119658

1 0.3389423076923077 0.17094017094017094 0.0673076923076923 0.12393162393162394

1 0.4182692307692308 0.1752136752136752 0.07692307692307693 0.10256410256410256

1 0.6730769230769231 0.2264957264957265 0.08173076923076923 0.1752136752136752

1 0.07692307692307693 0.23076923076923078 0.055288461538461536 0.1111111111111111

1 0.4110576923076923 0.29914529914529914 0.10096153846153846 0.20085470085470086

1 0.5288461538461539 0.3034188034188034 0.0985576923076923 0.23931623931623933

1 0.037259615384615384 0.3269230769230769 0.06971153846153846 0.2094017094017094

1 0.18509615384615385 0.34615384615384615 0.13701923076923078 0.28205128205128205

1 0.8076923076923077 0.3717948717948718 0.1201923076923077 0.2606837606837607