1 0.6887019230769231 0.05128205128205128 0.11298076923076923 0.10256410256410256

1 0.6850961538461539 0.21367521367521367 0.06971153846153846 0.11965811965811966

1 0.6826923076923077 0.3547008547008547 0.057692307692307696 0.13675213675213677

1 0.6538461538461539 0.8076923076923077 0.0985576923076923 0.1452991452991453

1 0.6129807692307693 0.3418803418803419 0.11298076923076923 0.1794871794871795

1 0.6105769230769231 0.5512820512820513 0.1346153846153846 0.1752136752136752

1 0.5877403846153846 0.03205128205128205 0.16105769230769232 0.0641025641025641

1 0.5721153846153846 0.967948717948718 0.14903846153846154 0.05555555555555555