1 0.22355769230769232 0.8333333333333334 0.10096153846153846 0.19658119658119658

1 0.3389423076923077 0.8290598290598291 0.0673076923076923 0.12393162393162394

1 0.4182692307692308 0.8247863247863247 0.07692307692307693 0.10256410256410256

1 0.6730769230769231 0.7735042735042735 0.08173076923076923 0.1752136752136752

1 0.07692307692307693 0.7692307692307693 0.055288461538461536 0.1111111111111111

1 0.4110576923076923 0.7008547008547008 0.10096153846153846 0.20085470085470086

1 0.5288461538461539 0.6965811965811965 0.0985576923076923 0.23931623931623933

1 0.036057692307692304 0.6709401709401709 0.07211538461538461 0.20512820512820512

1 0.18509615384615385 0.6538461538461539 0.13701923076923078 0.28205128205128205

1 0.8076923076923077 0.6282051282051282 0.1201923076923077 0.2606837606837607