1 0.36778846153846156 0.5170940170940171 0.10576923076923077 0.14957264957264957

1 0.40625 0.24786324786324787 0.11538461538461539 0.16666666666666666

1 0.41586538461538464 0.8846153846153846 0.11057692307692307 0.18376068376068377

1 0.5793269230769231 0.4658119658119658 0.1201923076923077 0.16666666666666666

1 0.6370192307692307 0.36752136752136755 0.125 0.20085470085470086

1 0.2644230769230769 0.9273504273504274 0.08653846153846154 0.13675213675213677

1 0.2668269230769231 0.5128205128205128 0.08653846153846154 0.1581196581196581

1 0.2668269230769231 0.2222222222222222 0.09134615384615384 0.1452991452991453

1 0.7139423076923077 0.7136752136752137 0.11057692307692307 0.19230769230769232

1 0.2704326923076923 0.06623931623931624 0.09375 0.13247863247863248