1 0.03365384615384615 0.8589743589743589 0.052884615384615384 0.11538461538461539

1 0.8942307692307693 0.8504273504273504 0.08413461538461539 0.21367521367521367

1 0.06971153846153846 0.8162393162393162 0.0889423076923077 0.17094017094017094

1 0.49038461538461536 0.7350427350427351 0.08413461538461539 0.18803418803418803

1 0.11298076923076923 0.6752136752136753 0.09134615384615384 0.18803418803418803

1 0.6418269230769231 0.6666666666666666 0.09375 0.20512820512820512

1 0.28365384615384615 0.6495726495726496 0.10336538461538461 0.19658119658119658

1 0.8245192307692307 0.9658119658119658 0.052884615384615384 0.05982905982905983

1 0.9302884615384616 0.49572649572649574 0.0985576923076923 0.23504273504273504

1 0.16346153846153846 0.37606837606837606 0.07211538461538461 0.18376068376068377

1 0.5192307692307693 0.358974358974359 0.09375 0.21367521367521367

1 0.125 0.2948717948717949 0.09375 0.20512820512820512

1 0.5745192307692307 0.2564102564102564 0.11298076923076923 0.2222222222222222

1 0.05048076923076923 0.18376068376068377 0.09375 0.23931623931623933

1 0.25721153846153844 0.9188034188034188 0.08173076923076923 0.14957264957264957

1 0.49278846153846156 0.9145299145299145 0.0889423076923077 0.15384615384615385

1 0.65625 0.9145299145299145 0.08173076923076923 0.1623931623931624

1 0.3798076923076923 0.11965811965811966 0.10817307692307693 0.19658119658119658

1 0.75 0.9102564102564102 0.08413461538461539 0.1623931623931624