1 0.6322115384615384 0.4829059829059829 0.10576923076923077 0.14957264957264957

1 0.59375 0.7521367521367521 0.11538461538461539 0.16666666666666666

1 0.5841346153846154 0.11538461538461539 0.11057692307692307 0.18376068376068377

1 0.4206730769230769 0.5341880341880342 0.1201923076923077 0.16666666666666666

1 0.3629807692307692 0.6324786324786325 0.125 0.20085470085470086

1 0.7355769230769231 0.07264957264957266 0.08653846153846154 0.1452991452991453

1 0.7331730769230769 0.48717948717948717 0.08653846153846154 0.1581196581196581

1 0.7331730769230769 0.7777777777777778 0.09134615384615384 0.1452991452991453

1 0.2860576923076923 0.2863247863247863 0.11057692307692307 0.19230769230769232

1 0.7319711538461539 0.9316239316239316 0.09375 0.1282051282051282