1 0.3870192307692308 0.1581196581196581 0.08173076923076923 0.1752136752136752

1 0.1346153846153846 0.16666666666666666 0.0673076923076923 0.14102564102564102

1 0.625 0.19658119658119658 0.04807692307692308 0.10256410256410256

1 0.6706730769230769 0.2222222222222222 0.08173076923076923 0.1794871794871795

1 0.8605769230769231 0.2564102564102564 0.0985576923076923 0.18376068376068377

1 0.1971153846153846 0.3034188034188034 0.07932692307692307 0.19658119658119658

1 0.3581730769230769 0.32905982905982906 0.07211538461538461 0.1623931623931624

1 0.46875 0.3803418803418803 0.15625 0.31196581196581197

1 0.31009615384615385 0.47863247863247865 0.0889423076923077 0.21794871794871795

1 0.33653846153846156 0.05555555555555555 0.038461538461538464 0.07692307692307693

1 0.71875 0.6623931623931624 0.11538461538461539 0.2564102564102564

1 0.49038461538461536 0.06837606837606838 0.036057692307692304 0.08547008547008547

1 0.12740384615384615 0.7606837606837606 0.09375 0.18376068376068377

1 0.5360576923076923 0.09401709401709402 0.06971153846153846 0.14957264957264957