1 0.6009615384615384 0.2465277777777778 0.036057692307692304 0.0625

1 0.3245192307692308 0.2361111111111111 0.052884615384615384 0.08333333333333333

1 0.6923076923076923 0.9236111111111112 0.026442307692307692 0.041666666666666664

1 0.9399038461538461 0.2222222222222222 0.03125 0.06597222222222222

1 0.4543269230769231 0.21180555555555555 0.026442307692307692 0.05555555555555555

1 0.9038461538461539 0.2013888888888889 0.036057692307692304 0.0625

1 0.6442307692307693 0.18055555555555555 0.036057692307692304 0.0625

1 0.6346153846153846 0.9201388888888888 0.026442307692307692 0.041666666666666664

1 0.5432692307692307 0.13541666666666666 0.04326923076923077 0.06944444444444445

1 0.31490384615384615 0.9131944444444444 0.021634615384615384 0.041666666666666664

1 0.7043269230769231 0.9131944444444444 0.02403846153846154 0.03819444444444445

1 0.8389423076923077 0.9131944444444444 0.021634615384615384 0.03125

1 0.75 0.09027777777777778 0.04326923076923077 0.0763888888888889

1 0.7932692307692307 0.9097222222222222 0.02403846153846154 0.03125

1 0.40865384615384615 0.06597222222222222 0.040865384615384616 0.06597222222222222

1 0.24519230769230768 0.0625 0.040865384615384616 0.07291666666666667

1 0.9783653846153846 0.90625 0.028846153846153848 0.052083333333333336

1 0.90625 0.03298611111111111 0.052884615384615384 0.059027777777777776

1 0.9651442307692307 0.026041666666666668 0.05048076923076923 0.04513888888888889

1 0.5384615384615384 0.9027777777777778 0.02403846153846154 0.041666666666666664

1 0.43028846153846156 0.8993055555555556 0.026442307692307692 0.041666666666666664

1 0.7283653846153846 0.8993055555555556 0.02403846153846154 0.03819444444444445

1 0.4014423076923077 0.8923611111111112 0.02403846153846154 0.03819444444444445

1 0.2956730769230769 0.8819444444444444 0.02403846153846154 0.041666666666666664

1 0.6298076923076923 0.9861111111111112 0.028846153846153848 0.020833333333333332

1 0.765625 0.9861111111111112 0.026442307692307692 0.020833333333333332

1 0.6706730769230769 0.8715277777777778 0.021634615384615384 0.041666666666666664

1 0.49759615384615385 0.8680555555555556 0.026442307692307692 0.03819444444444445

1 0.7355769230769231 0.8645833333333334 0.021634615384615384 0.034722222222222224

1 0.2620192307692308 0.8576388888888888 0.02403846153846154 0.03819444444444445

1 0.6418269230769231 0.8402777777777778 0.026442307692307692 0.04513888888888889

1 0.8221153846153846 0.8402777777777778 0.026442307692307692 0.04513888888888889

1 0.8677884615384616 0.8402777777777778 0.026442307692307692 0.041666666666666664

1 0.0889423076923077 0.8368055555555556 0.03125 0.041666666666666664

1 0.453125 0.984375 0.021634615384615384 0.024305555555555556

1 0.9495192307692307 0.8263888888888888 0.028846153846153848 0.04513888888888889

1 0.9230769230769231 0.8263888888888888 0.026442307692307692 0.04861111111111111

1 0.6225961538461539 0.8194444444444444 0.026442307692307692 0.04513888888888889

1 0.3581730769230769 0.9809027777777778 0.02403846153846154 0.03125

1 0.08653846153846154 0.8090277777777778 0.026442307692307692 0.04513888888888889

1 0.7067307692307693 0.8020833333333334 0.026442307692307692 0.04513888888888889

1 0.32211538461538464 0.8020833333333334 0.028846153846153848 0.04861111111111111

1 0.39663461538461536 0.8020833333333334 0.028846153846153848 0.04513888888888889

1 0.8509615384615384 0.7847222222222222 0.026442307692307692 0.04513888888888889

1 0.5048076923076923 0.7708333333333334 0.028846153846153848 0.04861111111111111

1 0.5408653846153846 0.9774305555555556 0.02403846153846154 0.03819444444444445

1 0.7716346153846154 0.7708333333333334 0.028846153846153848 0.052083333333333336

1 0.24278846153846154 0.7708333333333334 0.026442307692307692 0.041666666666666664

1 0.34375 0.7604166666666666 0.026442307692307692 0.05555555555555555

1 0.21153846153846154 0.7569444444444444 0.026442307692307692 0.04513888888888889

1 0.9567307692307693 0.9756944444444444 0.021634615384615384 0.03819444444444445

1 0.3004807692307692 0.7361111111111112 0.028846153846153848 0.04513888888888889

1 0.9038461538461539 0.7326388888888888 0.021634615384615384 0.034722222222222224

1 0.22115384615384615 0.7256944444444444 0.026442307692307692 0.04861111111111111

1 0.8461538461538461 0.7256944444444444 0.028846153846153848 0.04861111111111111

1 0.13942307692307693 0.71875 0.03125 0.052083333333333336

1 0.2620192307692308 0.71875 0.028846153846153848 0.04861111111111111

1 0.6322115384615384 0.7118055555555556 0.028846153846153848 0.05555555555555555

1 0.5600961538461539 0.7118055555555556 0.028846153846153848 0.05555555555555555

1 0.36538461538461536 0.7083333333333334 0.026442307692307692 0.04513888888888889

1 0.8100961538461539 0.7013888888888888 0.036057692307692304 0.05555555555555555

1 0.8725961538461539 0.6875 0.03365384615384615 0.052083333333333336

1 0.9206730769230769 0.6875 0.03365384615384615 0.05555555555555555

1 0.4567307692307692 0.6840277777777778 0.038461538461538464 0.059027777777777776

1 0.5528846153846154 0.6597222222222222 0.03125 0.05555555555555555

1 0.4831730769230769 0.6458333333333334 0.03365384615384615 0.059027777777777776

1 0.13221153846153846 0.6388888888888888 0.03365384615384615 0.05555555555555555

1 0.34134615384615385 0.6354166666666666 0.026442307692307692 0.041666666666666664

1 0.4206730769230769 0.6354166666666666 0.03365384615384615 0.04861111111111111

1 0.8798076923076923 0.6354166666666666 0.03365384615384615 0.05555555555555555

1 0.5336538461538461 0.6319444444444444 0.036057692307692304 0.0625

1 0.16826923076923078 0.6284722222222222 0.03125 0.05555555555555555

1 0.6658653846153846 0.625 0.03365384615384615 0.05555555555555555

1 0.6033653846153846 0.6215277777777778 0.038461538461538464 0.07291666666666667

1 0.8653846153846154 0.9618055555555556 0.021634615384615384 0.03819444444444445

1 0.25961538461538464 0.6076388888888888 0.03365384615384615 0.05555555555555555

1 0.7355769230769231 0.6076388888888888 0.038461538461538464 0.059027777777777776

1 0.6899038461538461 0.5868055555555556 0.038461538461538464 0.06944444444444445

1 0.9086538461538461 0.5763888888888888 0.03365384615384615 0.0625

1 0.43028846153846156 0.5729166666666666 0.028846153846153848 0.04861111111111111

1 0.7163461538461539 0.5520833333333334 0.038461538461538464 0.06944444444444445

1 0.28846153846153844 0.5486111111111112 0.026442307692307692 0.03819444444444445

1 0.07211538461538461 0.5451388888888888 0.03365384615384615 0.05555555555555555

1 0.3605769230769231 0.5451388888888888 0.028846153846153848 0.052083333333333336

1 0.4951923076923077 0.5451388888888888 0.026442307692307692 0.04513888888888889

1 0.8918269230769231 0.5416666666666666 0.040865384615384616 0.06597222222222222

1 0.9254807692307693 0.9548611111111112 0.026442307692307692 0.03819444444444445

1 0.12740384615384615 0.5347222222222222 0.04567307692307692 0.059027777777777776

1 0.015625 0.53125 0.026442307692307692 0.0625

1 0.9903846153846154 0.5173611111111112 0.014423076923076924 0.04861111111111111

1 0.4182692307692308 0.9513888888888888 0.02403846153846154 0.03819444444444445

1 0.59375 0.4826388888888889 0.028846153846153848 0.05555555555555555

1 0.28125 0.4722222222222222 0.019230769230769232 0.027777777777777776

1 0.7211538461538461 0.46875 0.03125 0.052083333333333336

1 0.35096153846153844 0.9479166666666666 0.021634615384615384 0.03819444444444445

1 0.9399038461538461 0.46875 0.028846153846153848 0.052083333333333336

1 0.4519230769230769 0.4618055555555556 0.03365384615384615 0.052083333333333336

1 0.6971153846153846 0.4479166666666667 0.03125 0.059027777777777776

1 0.28846153846153844 0.4409722222222222 0.028846153846153848 0.05555555555555555

1 0.5697115384615384 0.9444444444444444 0.02403846153846154 0.041666666666666664

1 0.10817307692307693 0.4375 0.03365384615384615 0.059027777777777776

1 0.47115384615384615 0.4166666666666667 0.03125 0.05555555555555555

1 0.9399038461538461 0.3958333333333333 0.03365384615384615 0.059027777777777776

1 0.2620192307692308 0.3958333333333333 0.03365384615384615 0.05555555555555555

1 0.37259615384615385 0.3819444444444444 0.03365384615384615 0.05555555555555555

1 0.16105769230769232 0.375 0.03125 0.059027777777777776

1 0.3894230769230769 0.9375 0.02403846153846154 0.041666666666666664

1 0.4735576923076923 0.9375 0.021634615384615384 0.034722222222222224

1 0.6658653846153846 0.9375 0.021634615384615384 0.034722222222222224

1 0.8918269230769231 0.9340277777777778 0.026442307692307692 0.04513888888888889

1 0.8173076923076923 0.9340277777777778 0.02403846153846154 0.041666666666666664

1 0.37740384615384615 0.3090277777777778 0.028846153846153848 0.059027777777777776

1 0.07211538461538461 0.3020833333333333 0.03125 0.052083333333333336

1 0.40625 0.2951388888888889 0.03125 0.059027777777777776

1 0.5072115384615384 0.9305555555555556 0.021634615384615384 0.024305555555555556