1 0.6009615384615384 0.7482758620689656 0.036057692307692304 0.06206896551724138

1 0.3245192307692308 0.7586206896551724 0.052884615384615384 0.08275862068965517

1 0.6923076923076923 0.07586206896551724 0.026442307692307692 0.041379310344827586

1 0.9399038461538461 0.7724137931034483 0.03125 0.06551724137931035

1 0.4543269230769231 0.7827586206896552 0.026442307692307692 0.05517241379310345

1 0.9038461538461539 0.7931034482758621 0.036057692307692304 0.06206896551724138

1 0.6442307692307693 0.8137931034482758 0.036057692307692304 0.06206896551724138

1 0.6346153846153846 0.07931034482758621 0.026442307692307692 0.041379310344827586

1 0.5432692307692307 0.8586206896551725 0.04326923076923077 0.06896551724137931

1 0.31490384615384615 0.08620689655172414 0.021634615384615384 0.041379310344827586

1 0.7043269230769231 0.08620689655172414 0.02403846153846154 0.03793103448275862

1 0.8389423076923077 0.08620689655172414 0.021634615384615384 0.03103448275862069

1 0.75 0.903448275862069 0.04326923076923077 0.07586206896551724

1 0.7932692307692307 0.0896551724137931 0.02403846153846154 0.03103448275862069

1 0.40865384615384615 0.9275862068965517 0.040865384615384616 0.06551724137931035

1 0.24519230769230768 0.9310344827586207 0.040865384615384616 0.07241379310344828

1 0.9783653846153846 0.09310344827586207 0.028846153846153848 0.05172413793103448

1 0.90625 0.9603448275862069 0.052884615384615384 0.05862068965517241

1 0.9651442307692307 0.9672413793103448 0.05048076923076923 0.04482758620689655

1 0.5384615384615384 0.09655172413793103 0.02403846153846154 0.041379310344827586

1 0.43028846153846156 0.1 0.026442307692307692 0.041379310344827586

1 0.7283653846153846 0.1 0.02403846153846154 0.03793103448275862

1 0.4014423076923077 0.10689655172413794 0.02403846153846154 0.03793103448275862

1 0.2956730769230769 0.11724137931034483 0.02403846153846154 0.041379310344827586

1 0.6286057692307693 0.01206896551724138 0.026442307692307692 0.02413793103448276

1 0.7644230769230769 0.01206896551724138 0.02403846153846154 0.02413793103448276

1 0.6706730769230769 0.12758620689655173 0.021634615384615384 0.041379310344827586

1 0.49759615384615385 0.1310344827586207 0.026442307692307692 0.03793103448275862

1 0.7355769230769231 0.13448275862068965 0.021634615384615384 0.034482758620689655

1 0.2620192307692308 0.1413793103448276 0.02403846153846154 0.03793103448275862

1 0.6418269230769231 0.15862068965517243 0.026442307692307692 0.04482758620689655

1 0.8221153846153846 0.15862068965517243 0.026442307692307692 0.04482758620689655

1 0.8677884615384616 0.15862068965517243 0.026442307692307692 0.041379310344827586

1 0.0889423076923077 0.16206896551724137 0.03125 0.041379310344827586

1 0.4519230769230769 0.013793103448275862 0.019230769230769232 0.027586206896551724

1 0.9495192307692307 0.1724137931034483 0.028846153846153848 0.04482758620689655

1 0.9230769230769231 0.1724137931034483 0.026442307692307692 0.04827586206896552

1 0.6225961538461539 0.1793103448275862 0.026442307692307692 0.04482758620689655

1 0.3581730769230769 0.017241379310344827 0.021634615384615384 0.034482758620689655

1 0.08653846153846154 0.1896551724137931 0.026442307692307692 0.04482758620689655

1 0.7067307692307693 0.19655172413793104 0.026442307692307692 0.04482758620689655

1 0.32211538461538464 0.19655172413793104 0.028846153846153848 0.04827586206896552

1 0.39663461538461536 0.19655172413793104 0.028846153846153848 0.04482758620689655

1 0.8509615384615384 0.21379310344827587 0.026442307692307692 0.04482758620689655

1 0.5048076923076923 0.22758620689655173 0.028846153846153848 0.04827586206896552

1 0.5408653846153846 0.020689655172413793 0.021634615384615384 0.041379310344827586

1 0.7716346153846154 0.22758620689655173 0.028846153846153848 0.05172413793103448

1 0.24278846153846154 0.22758620689655173 0.026442307692307692 0.041379310344827586

1 0.34375 0.23793103448275862 0.026442307692307692 0.05517241379310345

1 0.21153846153846154 0.2413793103448276 0.026442307692307692 0.04482758620689655

1 0.9567307692307693 0.02413793103448276 0.021634615384615384 0.03793103448275862

1 0.3004807692307692 0.2620689655172414 0.028846153846153848 0.04482758620689655

1 0.9038461538461539 0.2655172413793103 0.021634615384615384 0.034482758620689655

1 0.22115384615384615 0.27241379310344827 0.026442307692307692 0.04827586206896552

1 0.8461538461538461 0.27241379310344827 0.028846153846153848 0.04827586206896552

1 0.13942307692307693 0.2793103448275862 0.03125 0.05172413793103448

1 0.2620192307692308 0.2793103448275862 0.028846153846153848 0.04827586206896552

1 0.6322115384615384 0.28620689655172415 0.028846153846153848 0.05517241379310345

1 0.5600961538461539 0.28620689655172415 0.028846153846153848 0.05517241379310345

1 0.36538461538461536 0.2896551724137931 0.026442307692307692 0.04482758620689655

1 0.8100961538461539 0.296551724137931 0.036057692307692304 0.05517241379310345

1 0.8725961538461539 0.3103448275862069 0.03365384615384615 0.05172413793103448

1 0.9206730769230769 0.3103448275862069 0.03365384615384615 0.05517241379310345

1 0.4567307692307692 0.3137931034482759 0.038461538461538464 0.05862068965517241

1 0.5528846153846154 0.33793103448275863 0.03125 0.05517241379310345

1 0.4831730769230769 0.35172413793103446 0.03365384615384615 0.05862068965517241

1 0.13221153846153846 0.3586206896551724 0.03365384615384615 0.05517241379310345

1 0.34134615384615385 0.3620689655172414 0.026442307692307692 0.041379310344827586

1 0.4206730769230769 0.3620689655172414 0.03365384615384615 0.04827586206896552

1 0.8798076923076923 0.3620689655172414 0.03365384615384615 0.05517241379310345

1 0.5336538461538461 0.36551724137931035 0.036057692307692304 0.06206896551724138

1 0.16826923076923078 0.3689655172413793 0.03125 0.05517241379310345

1 0.6658653846153846 0.3724137931034483 0.03365384615384615 0.05517241379310345

1 0.6033653846153846 0.3758620689655172 0.038461538461538464 0.07241379310344828

1 0.8653846153846154 0.03793103448275862 0.021634615384615384 0.03793103448275862

1 0.25961538461538464 0.3896551724137931 0.03365384615384615 0.05517241379310345

1 0.7355769230769231 0.3896551724137931 0.038461538461538464 0.05862068965517241

1 0.6899038461538461 0.4103448275862069 0.038461538461538464 0.06896551724137931

1 0.9086538461538461 0.4206896551724138 0.03365384615384615 0.06206896551724138

1 0.43028846153846156 0.4241379310344828 0.028846153846153848 0.04827586206896552

1 0.7163461538461539 0.44482758620689655 0.038461538461538464 0.06896551724137931

1 0.28846153846153844 0.4482758620689655 0.026442307692307692 0.03793103448275862

1 0.07211538461538461 0.4517241379310345 0.03365384615384615 0.05517241379310345

1 0.3605769230769231 0.4517241379310345 0.028846153846153848 0.05172413793103448

1 0.4951923076923077 0.4517241379310345 0.026442307692307692 0.04482758620689655

1 0.8918269230769231 0.45517241379310347 0.040865384615384616 0.06551724137931035

1 0.9254807692307693 0.04482758620689655 0.026442307692307692 0.03793103448275862

1 0.12740384615384615 0.46206896551724136 0.04567307692307692 0.05862068965517241

1 0.014423076923076924 0.46551724137931033 0.028846153846153848 0.05862068965517241

1 0.9903846153846154 0.4793103448275862 0.014423076923076924 0.04827586206896552

1 0.4182692307692308 0.04827586206896552 0.02403846153846154 0.03793103448275862

1 0.59375 0.5137931034482759 0.028846153846153848 0.05517241379310345

1 0.28125 0.5241379310344828 0.019230769230769232 0.027586206896551724

1 0.7211538461538461 0.5275862068965518 0.03125 0.05172413793103448

1 0.35096153846153844 0.05172413793103448 0.021634615384615384 0.03793103448275862

1 0.9399038461538461 0.5275862068965518 0.028846153846153848 0.05172413793103448

1 0.4519230769230769 0.5344827586206896 0.03365384615384615 0.05172413793103448

1 0.6971153846153846 0.5482758620689655 0.03125 0.05862068965517241

1 0.28846153846153844 0.5551724137931034 0.028846153846153848 0.05517241379310345

1 0.5697115384615384 0.05517241379310345 0.02403846153846154 0.041379310344827586

1 0.10817307692307693 0.5586206896551724 0.03365384615384615 0.05862068965517241

1 0.47115384615384615 0.5793103448275863 0.03125 0.05517241379310345

1 0.9399038461538461 0.6 0.03365384615384615 0.05862068965517241

1 0.2620192307692308 0.6 0.03365384615384615 0.05517241379310345

1 0.37259615384615385 0.6137931034482759 0.03365384615384615 0.05517241379310345

1 0.16105769230769232 0.6206896551724138 0.03125 0.05862068965517241

1 0.3894230769230769 0.06206896551724138 0.02403846153846154 0.041379310344827586

1 0.4735576923076923 0.06206896551724138 0.021634615384615384 0.034482758620689655

1 0.6658653846153846 0.06206896551724138 0.021634615384615384 0.034482758620689655

1 0.8918269230769231 0.06551724137931035 0.026442307692307692 0.04482758620689655

1 0.8173076923076923 0.06551724137931035 0.02403846153846154 0.041379310344827586

1 0.37740384615384615 0.6862068965517242 0.028846153846153848 0.05862068965517241

1 0.07211538461538461 0.6931034482758621 0.03125 0.05172413793103448

1 0.40625 0.7 0.03125 0.05862068965517241

1 0.5072115384615384 0.06896551724137931 0.021634615384615384 0.02413793103448276