1 0.6009615384615384 0.7534722222222222 0.036057692307692304 0.0625

1 0.3245192307692308 0.7638888888888888 0.052884615384615384 0.08333333333333333

1 0.6923076923076923 0.0763888888888889 0.026442307692307692 0.041666666666666664

1 0.9399038461538461 0.7777777777777778 0.03125 0.06597222222222222

1 0.4543269230769231 0.7881944444444444 0.026442307692307692 0.05555555555555555

1 0.9038461538461539 0.7986111111111112 0.036057692307692304 0.0625

1 0.6442307692307693 0.8194444444444444 0.036057692307692304 0.0625

1 0.6346153846153846 0.0798611111111111 0.026442307692307692 0.041666666666666664

1 0.5432692307692307 0.8645833333333334 0.04326923076923077 0.06944444444444445

1 0.31490384615384615 0.08680555555555555 0.021634615384615384 0.041666666666666664

1 0.7043269230769231 0.08680555555555555 0.02403846153846154 0.03819444444444445

1 0.8389423076923077 0.08680555555555555 0.021634615384615384 0.03125

1 0.75 0.9097222222222222 0.04326923076923077 0.0763888888888889

1 0.7932692307692307 0.09027777777777778 0.02403846153846154 0.03125

1 0.40865384615384615 0.9340277777777778 0.040865384615384616 0.06597222222222222

1 0.24519230769230768 0.9375 0.040865384615384616 0.07291666666666667

1 0.9783653846153846 0.09375 0.028846153846153848 0.052083333333333336

1 0.90625 0.9670138888888888 0.052884615384615384 0.059027777777777776

1 0.9651442307692307 0.9739583333333334 0.05048076923076923 0.04513888888888889

1 0.5384615384615384 0.09722222222222222 0.02403846153846154 0.041666666666666664

1 0.43028846153846156 0.10069444444444445 0.026442307692307692 0.041666666666666664

1 0.7283653846153846 0.10069444444444445 0.02403846153846154 0.03819444444444445

1 0.4014423076923077 0.1076388888888889 0.02403846153846154 0.03819444444444445

1 0.2956730769230769 0.11805555555555555 0.02403846153846154 0.041666666666666664

1 0.6274038461538461 0.013888888888888888 0.028846153846153848 0.020833333333333332

1 0.7632211538461539 0.013888888888888888 0.026442307692307692 0.020833333333333332

1 0.6706730769230769 0.1284722222222222 0.021634615384615384 0.041666666666666664

1 0.49759615384615385 0.13194444444444445 0.026442307692307692 0.03819444444444445

1 0.7355769230769231 0.13541666666666666 0.021634615384615384 0.034722222222222224

1 0.2620192307692308 0.1423611111111111 0.02403846153846154 0.03819444444444445

1 0.6418269230769231 0.1597222222222222 0.026442307692307692 0.04513888888888889

1 0.8221153846153846 0.1597222222222222 0.026442307692307692 0.04513888888888889

1 0.8677884615384616 0.1597222222222222 0.026442307692307692 0.041666666666666664

1 0.0889423076923077 0.16319444444444445 0.03125 0.041666666666666664

1 0.45072115384615385 0.015625 0.021634615384615384 0.024305555555555556

1 0.9495192307692307 0.1736111111111111 0.028846153846153848 0.04513888888888889

1 0.9230769230769231 0.1736111111111111 0.026442307692307692 0.04861111111111111

1 0.6225961538461539 0.18055555555555555 0.026442307692307692 0.04513888888888889

1 0.3581730769230769 0.019097222222222224 0.02403846153846154 0.03125

1 0.08653846153846154 0.1909722222222222 0.026442307692307692 0.04513888888888889

1 0.7067307692307693 0.19791666666666666 0.026442307692307692 0.04513888888888889

1 0.32211538461538464 0.19791666666666666 0.028846153846153848 0.04861111111111111

1 0.39663461538461536 0.19791666666666666 0.028846153846153848 0.04513888888888889

1 0.8509615384615384 0.2152777777777778 0.026442307692307692 0.04513888888888889

1 0.5048076923076923 0.22916666666666666 0.028846153846153848 0.04861111111111111

1 0.5408653846153846 0.022569444444444444 0.02403846153846154 0.03819444444444445

1 0.7716346153846154 0.22916666666666666 0.028846153846153848 0.052083333333333336

1 0.24278846153846154 0.22916666666666666 0.026442307692307692 0.041666666666666664

1 0.34375 0.23958333333333334 0.026442307692307692 0.05555555555555555

1 0.21153846153846154 0.24305555555555555 0.026442307692307692 0.04513888888888889

1 0.9567307692307693 0.024305555555555556 0.021634615384615384 0.03819444444444445

1 0.3004807692307692 0.2638888888888889 0.028846153846153848 0.04513888888888889

1 0.9038461538461539 0.2673611111111111 0.021634615384615384 0.034722222222222224

1 0.22115384615384615 0.2743055555555556 0.026442307692307692 0.04861111111111111

1 0.8461538461538461 0.2743055555555556 0.028846153846153848 0.04861111111111111

1 0.13942307692307693 0.28125 0.03125 0.052083333333333336

1 0.2620192307692308 0.28125 0.028846153846153848 0.04861111111111111

1 0.6322115384615384 0.2881944444444444 0.028846153846153848 0.05555555555555555

1 0.5600961538461539 0.2881944444444444 0.028846153846153848 0.05555555555555555

1 0.36538461538461536 0.2916666666666667 0.026442307692307692 0.04513888888888889

1 0.8100961538461539 0.2986111111111111 0.036057692307692304 0.05555555555555555

1 0.8725961538461539 0.3125 0.03365384615384615 0.052083333333333336

1 0.9206730769230769 0.3125 0.03365384615384615 0.05555555555555555

1 0.4567307692307692 0.3159722222222222 0.038461538461538464 0.059027777777777776

1 0.5528846153846154 0.3402777777777778 0.03125 0.05555555555555555

1 0.4831730769230769 0.3541666666666667 0.03365384615384615 0.059027777777777776

1 0.13221153846153846 0.3611111111111111 0.03365384615384615 0.05555555555555555

1 0.34134615384615385 0.3645833333333333 0.026442307692307692 0.041666666666666664

1 0.4206730769230769 0.3645833333333333 0.03365384615384615 0.04861111111111111

1 0.8798076923076923 0.3645833333333333 0.03365384615384615 0.05555555555555555

1 0.5336538461538461 0.3680555555555556 0.036057692307692304 0.0625

1 0.16826923076923078 0.3715277777777778 0.03125 0.05555555555555555

1 0.6658653846153846 0.375 0.03365384615384615 0.05555555555555555

1 0.6033653846153846 0.3784722222222222 0.038461538461538464 0.07291666666666667

1 0.8653846153846154 0.03819444444444445 0.021634615384615384 0.03819444444444445

1 0.25961538461538464 0.3923611111111111 0.03365384615384615 0.05555555555555555

1 0.7355769230769231 0.3923611111111111 0.038461538461538464 0.059027777777777776

1 0.6899038461538461 0.4131944444444444 0.038461538461538464 0.06944444444444445

1 0.9086538461538461 0.4236111111111111 0.03365384615384615 0.0625

1 0.43028846153846156 0.4270833333333333 0.028846153846153848 0.04861111111111111

1 0.7163461538461539 0.4479166666666667 0.038461538461538464 0.06944444444444445

1 0.28846153846153844 0.4513888888888889 0.026442307692307692 0.03819444444444445

1 0.07211538461538461 0.4548611111111111 0.03365384615384615 0.05555555555555555

1 0.3605769230769231 0.4548611111111111 0.028846153846153848 0.052083333333333336

1 0.4951923076923077 0.4548611111111111 0.026442307692307692 0.04513888888888889

1 0.8918269230769231 0.4583333333333333 0.040865384615384616 0.06597222222222222

1 0.9254807692307693 0.04513888888888889 0.026442307692307692 0.03819444444444445

1 0.12740384615384615 0.4652777777777778 0.04567307692307692 0.059027777777777776

1 0.015625 0.46875 0.026442307692307692 0.0625

1 0.9903846153846154 0.4826388888888889 0.014423076923076924 0.04861111111111111

1 0.4182692307692308 0.04861111111111111 0.02403846153846154 0.03819444444444445

1 0.59375 0.5173611111111112 0.028846153846153848 0.05555555555555555

1 0.28125 0.5277777777777778 0.019230769230769232 0.027777777777777776

1 0.7211538461538461 0.53125 0.03125 0.052083333333333336

1 0.35096153846153844 0.052083333333333336 0.021634615384615384 0.03819444444444445

1 0.9399038461538461 0.53125 0.028846153846153848 0.052083333333333336

1 0.4519230769230769 0.5381944444444444 0.03365384615384615 0.052083333333333336

1 0.6971153846153846 0.5520833333333334 0.03125 0.059027777777777776

1 0.28846153846153844 0.5590277777777778 0.028846153846153848 0.05555555555555555

1 0.5697115384615384 0.05555555555555555 0.02403846153846154 0.041666666666666664

1 0.10817307692307693 0.5625 0.03365384615384615 0.059027777777777776

1 0.47115384615384615 0.5833333333333334 0.03125 0.05555555555555555

1 0.9399038461538461 0.6041666666666666 0.03365384615384615 0.059027777777777776

1 0.2620192307692308 0.6041666666666666 0.03365384615384615 0.05555555555555555

1 0.37259615384615385 0.6180555555555556 0.03365384615384615 0.05555555555555555

1 0.16105769230769232 0.625 0.03125 0.059027777777777776

1 0.3894230769230769 0.0625 0.02403846153846154 0.041666666666666664

1 0.4735576923076923 0.0625 0.021634615384615384 0.034722222222222224

1 0.6658653846153846 0.0625 0.021634615384615384 0.034722222222222224

1 0.8918269230769231 0.06597222222222222 0.026442307692307692 0.04513888888888889

1 0.8173076923076923 0.06597222222222222 0.02403846153846154 0.041666666666666664

1 0.37740384615384615 0.6909722222222222 0.028846153846153848 0.059027777777777776

1 0.07211538461538461 0.6979166666666666 0.03125 0.052083333333333336

1 0.40625 0.7048611111111112 0.03125 0.059027777777777776

1 0.5072115384615384 0.06944444444444445 0.021634615384615384 0.024305555555555556