1 0.6875 0.1020066889632107 0.14903846153846154 0.2040133779264214

1 0.6742788461538461 0.5301003344481605 0.11538461538461539 0.15719063545150502

1 0.6045673076923077 0.7240802675585284 0.16105769230769232 0.14381270903010032

1 0.5552884615384616 0.8946488294314381 0.19230769230769232 0.2040133779264214

1 0.5420673076923077 0.40635451505016723 0.23798076923076922 0.2608695652173913

1 0.5396634615384616 0.19230769230769232 0.18028846153846154 0.18394648829431437

1 0.5060096153846154 0.04013377926421405 0.19951923076923078 0.0802675585284281

1 0.49158653846153844 0.580267558528428 0.13221153846153846 0.14046822742474915

1 0.7944711538461539 0.205685618729097 0.1201923076923077 0.14046822742474915