1 0.6875 0.10166666666666667 0.14903846153846154 0.20333333333333334

1 0.6742788461538461 0.5283333333333333 0.11538461538461539 0.15666666666666668

1 0.6045673076923077 0.7216666666666667 0.16105769230769232 0.14333333333333334

1 0.5552884615384616 0.8916666666666667 0.19230769230769232 0.20333333333333334

1 0.5420673076923077 0.405 0.23798076923076922 0.26

1 0.5396634615384616 0.19166666666666668 0.18028846153846154 0.18333333333333332

1 0.5060096153846154 0.04 0.19951923076923078 0.08

1 0.49158653846153844 0.5783333333333334 0.13221153846153846 0.14

1 0.7944711538461539 0.205 0.1201923076923077 0.14