1 0.6875 0.8963210702341137 0.14903846153846154 0.20066889632107024

1 0.6742788461538461 0.4698996655518395 0.11538461538461539 0.15719063545150502

1 0.6045673076923077 0.27591973244147155 0.16105769230769232 0.14381270903010032

1 0.5552884615384616 0.10367892976588629 0.19230769230769232 0.20735785953177258

1 0.5420673076923077 0.5936454849498328 0.23798076923076922 0.2608695652173913

1 0.5396634615384616 0.8076923076923077 0.18028846153846154 0.18394648829431437

1 0.5060096153846154 0.9581939799331104 0.19951923076923078 0.07692307692307693

1 0.49158653846153844 0.4197324414715719 0.13221153846153846 0.14046822742474915

1 0.7944711538461539 0.794314381270903 0.1201923076923077 0.14046822742474915