1 0.23076923076923078 0.8 0.04567307692307692 0.11555555555555555

1 0.04326923076923077 0.7733333333333333 0.052884615384615384 0.15555555555555556

1 0.9134615384615384 0.7288888888888889 0.1201923076923077 0.26666666666666666

1 0.3581730769230769 0.7111111111111111 0.03365384615384615 0.09777777777777778

1 0.6586538461538461 0.6933333333333334 0.06490384615384616 0.13777777777777778

1 0.13942307692307693 0.6933333333333334 0.17307692307692307 0.4266666666666667

1 0.5048076923076923 0.6666666666666666 0.23557692307692307 0.6044444444444445

1 0.24278846153846154 0.64 0.0625 0.15555555555555556

1 0.7836538461538461 0.56 0.15865384615384615 0.4266666666666667