1 0.7620192307692307 0.4088888888888889 0.014423076923076924 0.04

1 0.052884615384615384 0.4488888888888889 0.028846153846153848 0.06222222222222222

1 0.4206730769230769 0.4266666666666667 0.026442307692307692 0.057777777777777775

1 0.3485576923076923 0.4444444444444444 0.06490384615384616 0.16444444444444445

1 0.5072115384615384 0.4088888888888889 0.07692307692307693 0.19111111111111112

1 0.6201923076923077 0.3466666666666667 0.07211538461538461 0.16444444444444445

1 0.9471153846153846 0.4222222222222222 0.03125 0.07555555555555556

1 0.7067307692307693 0.41333333333333333 0.03125 0.07111111111111111