1 0.8990384615384616 0.0782312925170068 0.07692307692307693 0.1292517006802721

1 0.7451923076923077 0.10884353741496598 0.08653846153846154 0.1598639455782313

1 0.53125 0.282312925170068 0.07692307692307693 0.14625850340136054

1 0.45913461538461536 0.14625850340136054 0.07451923076923077 0.13945578231292516

1 0.3942307692307692 0.1870748299319728 0.05048076923076923 0.08843537414965986

1 0.27884615384615385 0.16666666666666666 0.09134615384615384 0.1598639455782313

1 0.1875 0.11224489795918367 0.07211538461538461 0.12244897959183673