1 0.8990384615384616 0.07849829351535836 0.07692307692307693 0.1296928327645051

1 0.7451923076923077 0.10921501706484642 0.08653846153846154 0.16040955631399317

1 0.53125 0.2832764505119454 0.07692307692307693 0.14675767918088736

1 0.45913461538461536 0.14675767918088736 0.07451923076923077 0.13993174061433447

1 0.3942307692307692 0.18771331058020477 0.05048076923076923 0.08873720136518772

1 0.27884615384615385 0.16723549488054607 0.09134615384615384 0.16040955631399317

1 0.1875 0.11262798634812286 0.07211538461538461 0.12286689419795221