1 0.9302884615384616 0.2384937238493724 0.052884615384615384 0.1087866108786611

1 0.7956730769230769 0.40585774058577406 0.01201923076923077 0.029288702928870293

1 0.5264423076923077 0.4100418410041841 0.06009615384615385 0.13389121338912133

1 0.44471153846153844 0.4476987447698745 0.01201923076923077 0.02510460251046025

1 0.8389423076923077 0.4560669456066946 0.014423076923076924 0.03347280334728033

1 0.13701923076923078 0.0794979079497908 0.07692307692307693 0.1506276150627615

1 0.71875 0.11297071129707113 0.07692307692307693 0.1506276150627615