1 0.26802884615384615 0.25719424460431656 0.07692307692307693 0.08633093525179857

1 0.27283653846153844 0.3723021582733813 0.07932692307692307 0.09352517985611511

1 0.2824519230769231 0.7248201438848921 0.08173076923076923 0.08633093525179857

1 0.2920673076923077 0.18165467625899281 0.038461538461538464 0.0539568345323741

1 0.3137019230769231 0.5233812949640287 0.0985576923076923 0.12589928057553956

1 0.3161057692307692 0.960431654676259 0.08413461538461539 0.06474820143884892

1 0.24639423076923078 0.052158273381294966 0.11778846153846154 0.10431654676258993

1 0.24639423076923078 0.13129496402877697 0.038461538461538464 0.046762589928057555

1 0.26322115384615385 0.8687050359712231 0.057692307692307696 0.07913669064748201