1 0.9447115384615384 0.8483754512635379 0.04807692307692308 0.08303249097472924

1 0.3389423076923077 0.8483754512635379 0.057692307692307696 0.11552346570397112

1 0.026442307692307692 0.8411552346570397 0.04567307692307692 0.2815884476534296

1 0.41586538461538464 0.8411552346570397 0.0625 0.11913357400722022

1 0.6514423076923077 0.8267148014440433 0.057692307692307696 0.12274368231046931

1 0.28846153846153844 0.8122743682310469 0.036057692307692304 0.05776173285198556

1 0.5168269230769231 0.779783393501805 0.08413461538461539 0.148014440433213

1 0.8245192307692307 0.776173285198556 0.07211538461538461 0.12274368231046931

1 0.9182692307692307 0.7653429602888087 0.038461538461538464 0.09747292418772563

1 0.19230769230769232 0.8808664259927798 0.08653846153846154 0.17328519855595667

1 0.2548076923076923 0.8808664259927798 0.03125 0.05776173285198556

1 0.7475961538461539 0.855595667870036 0.052884615384615384 0.08664259927797834