1 0.7319711538461539 0.2581227436823105 0.07692307692307693 0.08664259927797834

1 0.7271634615384616 0.37364620938628157 0.07932692307692307 0.09386281588447654

1 0.7175480769230769 0.7274368231046932 0.08173076923076923 0.08664259927797834

1 0.7079326923076923 0.18231046931407943 0.038461538461538464 0.05415162454873646

1 0.6862980769230769 0.5252707581227437 0.0985576923076923 0.1263537906137184

1 0.6838942307692307 0.9638989169675091 0.08413461538461539 0.06498194945848375

1 0.7536057692307693 0.052346570397111915 0.11778846153846154 0.10469314079422383

1 0.7536057692307693 0.13176895306859207 0.038461538461538464 0.04693140794223827

1 0.7367788461538461 0.871841155234657 0.057692307692307696 0.07942238267148015