1 0.7079326923076923 0.2392086330935252 0.057692307692307696 0.09352517985611511

1 0.6995192307692307 0.9586330935251799 0.0673076923076923 0.0683453237410072

1 0.6983173076923077 0.7967625899280576 0.06490384615384616 0.06474820143884892

1 0.6814903846153846 0.8687050359712231 0.11298076923076923 0.14388489208633093

1 0.6670673076923077 0.5953237410071942 0.07451923076923077 0.09352517985611511

1 0.6574519230769231 0.13848920863309352 0.0625 0.0683453237410072

1 0.6574519230769231 0.3363309352517986 0.0625 0.09352517985611511

1 0.6430288461538461 0.47302158273381295 0.16826923076923078 0.17266187050359713

1 0.6370192307692307 0.9550359712230215 0.057692307692307696 0.07553956834532374

1 0.6310096153846154 0.685251798561151 0.08173076923076923 0.08992805755395683

1 0.8125 0.9712230215827338 0.04326923076923077 0.04316546762589928

1 0.5901442307692307 0.21402877697841727 0.08173076923076923 0.09712230215827339

1 0.8064903846153846 0.21402877697841727 0.04807692307692308 0.07913669064748201

1 0.5637019230769231 0.7679856115107914 0.12980769230769232 0.1474820143884892

1 0.5552884615384616 0.07733812949640288 0.16826923076923078 0.15467625899280577

1 0.5516826923076923 0.3039568345323741 0.0673076923076923 0.16906474820143885

1 0.5132211538461539 0.9550359712230215 0.11778846153846154 0.07553956834532374

1 0.4387019230769231 0.710431654676259 0.19230769230769232 0.1906474820143885

1 0.4387019230769231 0.28597122302158273 0.20192307692307693 0.23741007194244604

1 0.4266826923076923 0.03597122302158273 0.09375 0.07194244604316546

1 0.7872596153846154 0.017985611510791366 0.08413461538461539 0.03597122302158273

1 0.3545673076923077 0.4370503597122302 0.07692307692307693 0.1079136690647482

1 0.3473557692307692 0.8687050359712231 0.1658653846153846 0.18705035971223022

1 0.3076923076923077 0.10251798561151079 0.2548076923076923 0.20503597122302158

1 0.7800480769230769 0.8471223021582733 0.0889423076923077 0.14388489208633093

1 0.7788461538461539 0.49640287769784175 0.10817307692307693 0.15467625899280577

1 0.7752403846153846 0.6816546762589928 0.10576923076923077 0.1474820143884892

1 0.22716346153846154 0.8219424460431655 0.09134615384615384 0.19784172661870503

1 0.21995192307692307 0.29676258992805754 0.08413461538461539 0.18705035971223022

1 0.7728365384615384 0.09532374100719425 0.10817307692307693 0.12589928057553956

1 0.7620192307692307 0.9748201438848921 0.10576923076923077 0.03597122302158273

1 0.7536057692307693 0.26798561151079137 0.06971153846153846 0.11151079136690648

1 0.7415865384615384 0.40467625899280574 0.0673076923076923 0.08633093525179857