1 0.3269230769230769 0.18705035971223022 0.0625 0.08633093525179857

1 0.8197115384615384 0.2014388489208633 0.0673076923076923 0.09712230215827339

1 0.6995192307692307 0.2014388489208633 0.04326923076923077 0.09712230215827339

1 0.14182692307692307 0.21223021582733814 0.06971153846153846 0.07553956834532374

1 0.7475961538461539 0.22661870503597123 0.09615384615384616 0.16906474820143885

1 0.08413461538461539 0.22661870503597123 0.038461538461538464 0.09352517985611511

1 0.5649038461538461 0.24820143884892087 0.0625 0.11151079136690648

1 0.25961538461538464 0.26258992805755393 0.04567307692307692 0.09352517985611511

1 0.3918269230769231 0.26258992805755393 0.0625 0.09352517985611511

1 0.9230769230769231 0.2697841726618705 0.10336538461538461 0.18705035971223022

1 0.4831730769230769 0.2841726618705036 0.11538461538461539 0.2517985611510791

1 0.8125 0.2949640287769784 0.06490384615384616 0.08273381294964029

1 0.625 0.302158273381295 0.06009615384615385 0.1223021582733813

1 0.8329326923076923 0.030575539568345324 0.06009615384615385 0.06115107913669065

1 0.31009615384615385 0.36330935251798563 0.06490384615384616 0.1223021582733813

1 0.31009615384615385 0.039568345323741004 0.052884615384615384 0.07194244604316546

1 0.6802884615384616 0.4028776978417266 0.0985576923076923 0.19424460431654678

1 0.21153846153846154 0.4172661870503597 0.11298076923076923 0.24820143884892087

1 0.3701923076923077 0.420863309352518 0.11298076923076923 0.10071942446043165

1 0.06490384615384616 0.42805755395683454 0.125 0.25539568345323743

1 0.8245192307692307 0.4784172661870504 0.08653846153846154 0.17266187050359713

1 0.6418269230769231 0.5899280575539568 0.12740384615384615 0.28776978417266186

1 0.3581730769230769 0.5899280575539568 0.15865384615384615 0.302158273381295

1 0.15865384615384615 0.6079136690647482 0.10817307692307693 0.1366906474820144

1 0.14903846153846154 0.0683453237410072 0.07932692307692307 0.1223021582733813

1 0.9711538461538461 0.0683453237410072 0.05048076923076923 0.12949640287769784

1 0.0673076923076923 0.6942446043165468 0.055288461538461536 0.12949640287769784

1 0.45913461538461536 0.7158273381294964 0.07211538461538461 0.11510791366906475

1 0.7475961538461539 0.7266187050359713 0.125 0.24820143884892087

1 0.10096153846153846 0.7553956834532374 0.04326923076923077 0.11151079136690648

1 0.21153846153846154 0.7877697841726619 0.18028846153846154 0.3776978417266187

1 0.9471153846153846 0.7913669064748201 0.08413461538461539 0.08992805755395683

1 0.7331730769230769 0.07913669064748201 0.09615384615384616 0.13309352517985612

1 0.4987980769230769 0.08093525179856115 0.10336538461538461 0.1618705035971223

1 0.6225961538461539 0.08633093525179857 0.0985576923076923 0.15827338129496402

1 0.7163461538461539 0.9064748201438849 0.13221153846153846 0.1366906474820144

1 0.36538461538461536 0.9172661870503597 0.125 0.12589928057553956

1 0.23076923076923078 0.08992805755395683 0.08413461538461539 0.1618705035971223

1 0.08413461538461539 0.08992805755395683 0.08173076923076923 0.17266187050359713

1 0.8485576923076923 0.1079136690647482 0.08173076923076923 0.15467625899280577

1 0.34615384615384615 0.11870503597122302 0.07451923076923077 0.10431654676258993

1 0.4375 0.1366906474820144 0.057692307692307696 0.10071942446043165