1 0.2920673076923077 0.7571942446043165 0.057692307692307696 0.09352517985611511

1 0.30288461538461536 0.03597122302158273 0.0673076923076923 0.07194244604316546

1 0.3016826923076923 0.19964028776978418 0.06490384615384616 0.06474820143884892

1 0.31850961538461536 0.12769784172661872 0.11298076923076923 0.14388489208633093

1 0.3329326923076923 0.4010791366906475 0.07451923076923077 0.09352517985611511

1 0.3425480769230769 0.8579136690647482 0.0625 0.0683453237410072

1 0.3425480769230769 0.6600719424460432 0.0625 0.09352517985611511

1 0.35697115384615385 0.5233812949640287 0.16826923076923078 0.17266187050359713

1 0.36538461538461536 0.04136690647482014 0.057692307692307696 0.08273381294964029

1 0.36899038461538464 0.31115107913669066 0.08173076923076923 0.08992805755395683

1 0.1875 0.023381294964028777 0.04326923076923077 0.046762589928057555

1 0.4098557692307692 0.7823741007194245 0.08173076923076923 0.09712230215827339

1 0.1935096153846154 0.7823741007194245 0.04807692307692308 0.07913669064748201

1 0.4362980769230769 0.22841726618705036 0.12980769230769232 0.1474820143884892

1 0.44711538461538464 0.9190647482014388 0.16826923076923078 0.1474820143884892

1 0.4483173076923077 0.6924460431654677 0.0673076923076923 0.16906474820143885

1 0.48677884615384615 0.039568345323741004 0.11778846153846154 0.07913669064748201

1 0.5612980769230769 0.28597122302158273 0.19230769230769232 0.1906474820143885

1 0.5612980769230769 0.710431654676259 0.20192307692307693 0.23741007194244604

1 0.5733173076923077 0.960431654676259 0.09375 0.06474820143884892

1 0.2127403846153846 0.9784172661870504 0.08413461538461539 0.02877697841726619

1 0.6454326923076923 0.5593525179856115 0.07692307692307693 0.1079136690647482

1 0.6526442307692307 0.12769784172661872 0.1658653846153846 0.18705035971223022

1 0.6947115384615384 0.8938848920863309 0.2548076923076923 0.19784172661870503

1 0.21995192307692307 0.14928057553956833 0.0889423076923077 0.14388489208633093

1 0.22115384615384615 0.5 0.10817307692307693 0.15467625899280577

1 0.2247596153846154 0.3147482014388489 0.10576923076923077 0.1474820143884892

1 0.7728365384615384 0.17446043165467626 0.09134615384615384 0.19784172661870503

1 0.7800480769230769 0.6996402877697842 0.08413461538461539 0.18705035971223022

1 0.22716346153846154 0.9010791366906474 0.10817307692307693 0.12589928057553956

1 0.2403846153846154 0.019784172661870502 0.10576923076923077 0.039568345323741004

1 0.24639423076923078 0.7284172661870504 0.06971153846153846 0.11151079136690648

1 0.25841346153846156 0.591726618705036 0.0673076923076923 0.08633093525179857