1 0.4543269230769231 0.9693140794223827 0.0625 0.05415162454873646

1 0.43149038461538464 0.5180505415162455 0.0673076923076923 0.07581227436823104

1 0.5372596153846154 0.030685920577617327 0.10817307692307693 0.061371841155234655

1 0.45552884615384615 0.09927797833935018 0.07451923076923077 0.08664259927797834

1 0.41225961538461536 0.3303249097472924 0.0625 0.10108303249097472

1 0.5036057692307693 0.3231046931407942 0.09134615384615384 0.11552346570397112

1 0.5324519230769231 0.5830324909747292 0.10336538461538461 0.148014440433213

1 0.4723557692307692 0.8574007220216606 0.0673076923076923 0.09747292418772563