1 0.040865384615384616 0.8561643835616438 0.040865384615384616 0.06164383561643835

1 0.7908653846153846 0.839041095890411 0.04567307692307692 0.08904109589041095

1 0.7548076923076923 0.815068493150685 0.0889423076923077 0.1506849315068493

1 0.27884615384615385 0.791095890410959 0.125 0.22602739726027396

1 0.5697115384615384 0.7876712328767124 0.11538461538461539 0.2054794520547945

1 0.7740384615384616 0.4041095890410959 0.07932692307692307 0.10273972602739725

1 0.40865384615384615 0.8664383561643836 0.1466346153846154 0.2534246575342466