1 0.18028846153846154 0.5703971119133574 0.05048076923076923 0.09025270758122744

1 0.4879807692307692 0.6028880866425993 0.05048076923076923 0.10108303249097472

1 0.8389423076923077 0.44404332129963897 0.09134615384615384 0.1588447653429603

1 0.8581730769230769 0.5992779783393501 0.06009615384615385 0.10108303249097472

1 0.7668269230769231 0.5667870036101083 0.057692307692307696 0.11191335740072202

1 0.6129807692307693 0.631768953068592 0.0673076923076923 0.09386281588447654

1 0.6177884615384616 0.49458483754512633 0.07692307692307693 0.1371841155234657

1 0.44471153846153844 0.45126353790613716 0.0985576923076923 0.1552346570397112

1 0.2620192307692308 0.5415162454873647 0.06490384615384616 0.10108303249097472

1 0.11778846153846154 0.592057761732852 0.0889423076923077 0.1444043321299639