1 0.040865384615384616 0.8503401360544217 0.040865384615384616 0.061224489795918366

1 0.7908653846153846 0.8333333333333334 0.04567307692307692 0.08843537414965986

1 0.7548076923076923 0.8095238095238095 0.0889423076923077 0.14965986394557823

1 0.27884615384615385 0.7857142857142857 0.125 0.22448979591836735

1 0.5697115384615384 0.782312925170068 0.11538461538461539 0.20408163265306123

1 0.7740384615384616 0.4013605442176871 0.07932692307692307 0.10204081632653061

1 0.40865384615384615 0.8605442176870748 0.1466346153846154 0.25170068027210885