1 0.5480769230769231 0.030685920577617327 0.0625 0.061371841155234655

1 0.5685096153846154 0.48194945848375453 0.0673076923076923 0.07581227436823104

1 0.46274038461538464 0.9675090252707581 0.10817307692307693 0.05776173285198556

1 0.5444711538461539 0.9007220216606499 0.07451923076923077 0.08664259927797834

1 0.5877403846153846 0.6696750902527075 0.0625 0.10108303249097472

1 0.4963942307692308 0.6768953068592057 0.09134615384615384 0.11552346570397112

1 0.4675480769230769 0.41696750902527074 0.10336538461538461 0.148014440433213

1 0.5276442307692307 0.14259927797833935 0.0673076923076923 0.09747292418772563