1 0.6658653846153846 0.21794871794871795 0.07211538461538461 0.09401709401709402

1 0.6634615384615384 0.12393162393162394 0.06971153846153846 0.0811965811965812

1 0.6586538461538461 0.48717948717948717 0.040865384615384616 0.05128205128205128

1 0.6370192307692307 0.3418803418803419 0.04326923076923077 0.04700854700854701

1 0.6153846153846154 0.021367521367521368 0.038461538461538464 0.042735042735042736

1 0.6033653846153846 0.7222222222222222 0.04567307692307692 0.0641025641025641

1 0.6009615384615384 0.9188034188034188 0.04807692307692308 0.0641025641025641

1 0.7163461538461539 0.6452991452991453 0.10096153846153846 0.13675213675213677

1 0.7019230769230769 0.44871794871794873 0.08413461538461539 0.11965811965811966