1 0.33413461538461536 0.21610169491525424 0.07211538461538461 0.09322033898305085

1 0.33653846153846156 0.1228813559322034 0.06971153846153846 0.08050847457627118

1 0.34134615384615385 0.4830508474576271 0.040865384615384616 0.05084745762711865

1 0.3629807692307692 0.3389830508474576 0.04326923076923077 0.046610169491525424

1 0.38461538461538464 0.0211864406779661 0.038461538461538464 0.0423728813559322

1 0.39663461538461536 0.7161016949152542 0.04567307692307692 0.0635593220338983

1 0.39903846153846156 0.9110169491525424 0.04807692307692308 0.0635593220338983

1 0.28365384615384615 0.6398305084745762 0.10096153846153846 0.13559322033898305

1 0.2980769230769231 0.4449152542372881 0.08413461538461539 0.11864406779661017