1 0.34134615384615385 0.20512820512820512 0.052884615384615384 0.1282051282051282

1 0.28846153846153844 0.2094017094017094 0.04567307692307692 0.12393162393162394

1 0.49278846153846156 0.21794871794871795 0.028846153846153848 0.07264957264957266

1 0.9783653846153846 0.23931623931623933 0.03125 0.08974358974358974

1 0.4110576923076923 0.2564102564102564 0.026442307692307692 0.07692307692307693

1 0.1778846153846154 0.2564102564102564 0.055288461538461536 0.11965811965811966

1 0.06971153846153846 0.2606837606837607 0.03365384615384615 0.0811965811965812

1 0.11057692307692307 0.2692307692307692 0.03365384615384615 0.0811965811965812

1 0.2283653846153846 0.2948717948717949 0.026442307692307692 0.0641025641025641

1 0.625 0.3162393162393162 0.036057692307692304 0.0811965811965812

1 0.7355769230769231 0.32051282051282054 0.036057692307692304 0.08547008547008547

1 0.8677884615384616 0.09401709401709402 0.08413461538461539 0.17094017094017094

1 0.5817307692307693 0.11538461538461539 0.07692307692307693 0.1794871794871795

1 0.47115384615384615 0.14102564102564102 0.0673076923076923 0.14957264957264957