1 0.33052884615384615 0.6155234657039711 0.052884615384615384 0.061371841155234655

1 0.33533653846153844 0.3303249097472924 0.026442307692307692 0.032490974729241874

1 0.33533653846153844 0.42057761732851984 0.02403846153846154 0.036101083032490974

1 0.3449519230769231 0.15342960288808663 0.014423076923076924 0.010830324909747292

1 0.3473557692307692 0.7166064981949458 0.01201923076923077 0.01444043321299639

1 0.3473557692307692 0.7635379061371841 0.04326923076923077 0.061371841155234655

1 0.34975961538461536 0.24729241877256317 0.057692307692307696 0.06859205776173286

1 0.34975961538461536 0.03429602888086643 0.009615384615384616 0.007220216606498195

1 0.35216346153846156 0.01263537906137184 0.004807692307692308 0.007220216606498195

1 0.3545673076923077 0.6768953068592057 0.009615384615384616 0.010830324909747292

1 0.35697115384615385 0.13176895306859207 0.028846153846153848 0.032490974729241874

1 0.36177884615384615 0.4855595667870036 0.02403846153846154 0.018050541516245487

1 0.36899038461538464 0.8321299638989169 0.05048076923076923 0.04332129963898917

1 0.4651442307692308 0.40252707581227437 0.04326923076923077 0.06498194945848375