1 0.4230769230769231 0.24548736462093862 0.040865384615384616 0.07942238267148015

1 0.6129807692307693 0.2527075812274368 0.021634615384615384 0.039711191335740074

1 0.5528846153846154 0.2527075812274368 0.02403846153846154 0.036101083032490974

1 0.9855769230769231 0.26353790613718414 0.009615384615384616 0.018050541516245487

1 0.7307692307692307 0.26714801444043323 0.007211538461538462 0.021660649819494584

1 0.3557692307692308 0.27075812274368233 0.009615384615384616 0.018050541516245487

1 0.3245192307692308 0.27075812274368233 0.040865384615384616 0.06498194945848375

1 0.6682692307692307 0.2743682310469314 0.04567307692307692 0.08664259927797834

1 0.8100961538461539 0.2743682310469314 0.004807692307692308 0.01444043321299639

1 0.8509615384615384 0.2779783393501805 0.014423076923076924 0.02888086642599278

1 0.8245192307692307 0.2779783393501805 0.004807692307692308 0.007220216606498195

1 0.38221153846153844 0.2815884476534296 0.007211538461538462 0.01444043321299639

1 0.7451923076923077 0.2851985559566787 0.021634615384615384 0.04332129963898917

1 0.5096153846153846 0.2924187725631769 0.01201923076923077 0.036101083032490974

1 0.27884615384615385 0.30324909747292417 0.028846153846153848 0.07581227436823104

1 0.5649038461538461 0.44765342960288806 0.04326923076923077 0.06498194945848375

1 0.13701923076923078 0.12274368231046931 0.08413461538461539 0.1624548736462094