1 0.6129807692307693 0.030685920577617327 0.36538461538461536 0.061371841155234655

1 0.31850961538461536 0.07942238267148015 0.2091346153846154 0.1588447653429603

1 0.41947115384615385 0.039711191335740074 0.21394230769230768 0.07942238267148015

1 0.4362980769230769 0.2509025270758123 0.2644230769230769 0.2743682310469314

1 0.25240384615384615 0.779783393501805 0.1658653846153846 0.23465703971119134

1 0.5444711538461539 0.9512635379061372 0.2620192307692308 0.09025270758122744

1 0.5036057692307693 0.5902527075812274 0.34375 0.37545126353790614