1 0.9110576923076923 0.6794871794871795 0.009615384615384616 0.017094017094017096

1 0.8677884615384616 0.6752136752136753 0.016826923076923076 0.029914529914529916

1 0.9663461538461539 0.6709401709401709 0.01201923076923077 0.021367521367521368

1 0.7403846153846154 0.6666666666666666 0.026442307692307692 0.0641025641025641

1 0.9855769230769231 0.6538461538461539 0.02403846153846154 0.07692307692307693

1 0.6802884615384616 0.6495726495726496 0.026442307692307692 0.05128205128205128

1 0.9663461538461539 0.6452991452991453 0.014423076923076924 0.02564102564102564

1 0.9014423076923077 0.6367521367521367 0.014423076923076924 0.038461538461538464

1 0.8846153846153846 0.6324786324786325 0.02403846153846154 0.05982905982905983

1 0.5576923076923077 0.6282051282051282 0.019230769230769232 0.05555555555555555

1 0.6995192307692307 0.6111111111111112 0.016826923076923076 0.038461538461538464

1 0.36538461538461536 0.6025641025641025 0.036057692307692304 0.07692307692307693

1 0.8052884615384616 0.594017094017094 0.09375 0.18803418803418803

1 0.6057692307692307 0.5811965811965812 0.06490384615384616 0.1752136752136752

1 0.9567307692307693 0.5683760683760684 0.06009615384615385 0.1111111111111111

1 0.6754807692307693 0.5470085470085471 0.057692307692307696 0.1282051282051282

1 0.4230769230769231 0.5427350427350427 0.06009615384615385 0.12393162393162394

1 0.32211538461538464 0.5213675213675214 0.06009615384615385 0.13247863247863248

1 0.9230769230769231 0.47435897435897434 0.07932692307692307 0.1282051282051282

1 0.14903846153846154 0.4188034188034188 0.17067307692307693 0.4188034188034188

1 0.5384615384615384 0.405982905982906 0.09615384615384616 0.21367521367521367

1 0.057692307692307696 0.3162393162393162 0.0673076923076923 0.2692307692307692