1 0.40625 0.9273504273504274 0.036057692307692304 0.04700854700854701

1 0.41586538461538464 0.8205128205128205 0.028846153846153848 0.04700854700854701

1 0.42788461538461536 0.6025641025641025 0.03125 0.03418803418803419

1 0.4375 0.8547008547008547 0.021634615384615384 0.029914529914529916

1 0.4423076923076923 0.2606837606837607 0.04326923076923077 0.0641025641025641

1 0.4483173076923077 0.9764957264957265 0.10817307692307693 0.038461538461538464

1 0.4543269230769231 0.688034188034188 0.0985576923076923 0.11538461538461539

1 0.4735576923076923 0.811965811965812 0.07211538461538461 0.10256410256410256

1 0.47596153846153844 0.36324786324786323 0.06971153846153846 0.10683760683760683

1 0.4879807692307692 0.18376068376068377 0.07451923076923077 0.10683760683760683

1 0.5528846153846154 0.5683760683760684 0.1201923076923077 0.17094017094017094