1 0.9206730769230769 0.5186567164179104 0.02403846153846154 0.048507462686567165

1 0.08653846153846154 0.48134328358208955 0.038461538461538464 0.06716417910447761

1 0.21634615384615385 0.4626865671641791 0.0889423076923077 0.20522388059701493

1 0.9110576923076923 0.4253731343283582 0.03125 0.06716417910447761

1 0.9879807692307693 0.4141791044776119 0.019230769230769232 0.07462686567164178

1 0.3581730769230769 0.39552238805970147 0.1201923076923077 0.2126865671641791

1 0.75 0.3843283582089552 0.11538461538461539 0.208955223880597

1 0.0889423076923077 0.3246268656716418 0.09375 0.1791044776119403