1 0.25600961538461536 0.18525179856115107 0.08173076923076923 0.07553956834532374

1 0.2800480769230769 0.052158273381294966 0.1466346153846154 0.10431654676258993

1 0.29927884615384615 0.5593525179856115 0.16826923076923078 0.19424460431654678

1 0.3137019230769231 0.3723021582733813 0.19230769230769232 0.1618705035971223

1 0.328125 0.960431654676259 0.20432692307692307 0.06474820143884892

1 0.3713942307692308 0.8651079136690647 0.23076923076923078 0.22661870503597123

1 0.4987980769230769 0.4262589928057554 0.21153846153846154 0.20863309352517986

1 0.22716346153846154 0.6169064748201439 0.07451923076923077 0.07553956834532374

1 0.23197115384615385 0.2931654676258993 0.12740384615384615 0.14388489208633093