1 0.25600961538461536 0.8140794223826715 0.08173076923076923 0.07581227436823104

1 0.2800480769230769 0.9458483754512635 0.1466346153846154 0.10108303249097472

1 0.29927884615384615 0.43862815884476536 0.16826923076923078 0.19494584837545126

1 0.3137019230769231 0.6263537906137184 0.19230769230769232 0.1624548736462094

1 0.328125 0.03429602888086643 0.20432692307692307 0.06859205776173286

1 0.3713942307692308 0.13176895306859207 0.23076923076923078 0.22743682310469315

1 0.4987980769230769 0.572202166064982 0.21153846153846154 0.20938628158844766

1 0.22716346153846154 0.38086642599277976 0.07451923076923077 0.07581227436823104

1 0.23197115384615385 0.7057761732851986 0.12740384615384615 0.1444043321299639