1 0.10576923076923077 0.33212996389891697 0.19951923076923078 0.5451263537906137

1 0.1875 0.7725631768953068 0.1658653846153846 0.3104693140794224

1 0.1346153846153846 0.6209386281588448 0.16826923076923078 0.3176895306859206

1 0.33413461538461536 0.5956678700361011 0.18269230769230768 0.3971119133574007

1 0.6862980769230769 0.871841155234657 0.15625 0.2490974729241877

1 0.9182692307692307 0.855595667870036 0.15144230769230768 0.2851985559566787

1 0.875 0.4332129963898917 0.2091346153846154 0.3898916967509025

1 0.5600961538461539 0.49458483754512633 0.25 0.516245487364621