1 0.7091346153846154 0.8664259927797834 0.05048076923076923 0.12274368231046931

1 0.06971153846153846 0.8339350180505415 0.07451923076923077 0.1299638989169675

1 0.8221153846153846 0.8303249097472925 0.11538461538461539 0.21660649819494585

1 0.45913461538461536 0.8014440433212996 0.12980769230769232 0.2527075812274368

1 0.5841346153846154 0.779783393501805 0.10817307692307693 0.2888086642599278

1 0.13701923076923078 0.7581227436823105 0.14903846153846154 0.30324909747292417

1 0.2548076923076923 0.6931407942238267 0.15144230769230768 0.34657039711191334

1 0.5480769230769231 0.5018050541516246 0.13942307692307693 0.3176895306859206

1 0.4206730769230769 0.9097472924187726 0.05048076923076923 0.11191335740072202

1 0.6370192307692307 0.9025270758122743 0.09615384615384616 0.19133574007220217