1 0.8942307692307693 0.6678700361010831 0.19951923076923078 0.5451263537906137

1 0.8125 0.22743682310469315 0.1658653846153846 0.3104693140794224

1 0.8653846153846154 0.37906137184115524 0.16826923076923078 0.3176895306859206

1 0.6658653846153846 0.4043321299638989 0.18269230769230768 0.3971119133574007

1 0.3137019230769231 0.12815884476534295 0.15625 0.2490974729241877

1 0.08173076923076923 0.1444043321299639 0.15144230769230768 0.2851985559566787

1 0.125 0.5667870036101083 0.2091346153846154 0.3898916967509025

1 0.43990384615384615 0.5054151624548736 0.25 0.516245487364621