1 0.8197115384615384 0.7030567685589519 0.09615384615384616 0.2096069868995633

1 0.18028846153846154 0.6331877729257642 0.052884615384615384 0.13100436681222707

1 0.09375 0.6244541484716157 0.07932692307692307 0.1572052401746725

1 0.6442307692307693 0.9126637554585153 0.0673076923076923 0.12663755458515283

1 0.4110576923076923 0.9039301310043668 0.04567307692307692 0.12663755458515283

1 0.5913461538461539 0.868995633187773 0.021634615384615384 0.048034934497816595

1 0.34134615384615385 0.8646288209606987 0.014423076923076924 0.05240174672489083

1 0.5 0.834061135371179 0.06971153846153846 0.14410480349344978