1 0.7175480769230769 0.5845323741007195 0.04807692307692308 0.0539568345323741

1 0.6959134615384616 0.8399280575539568 0.055288461538461536 0.07194244604316546

1 0.6935096153846154 0.21762589928057555 0.06009615384615385 0.07553956834532374

1 0.6838942307692307 0.6888489208633094 0.040865384615384616 0.0539568345323741

1 0.6694711538461539 0.9298561151079137 0.04807692307692308 0.06115107913669065

1 0.6694711538461539 0.13848920863309352 0.06971153846153846 0.08633093525179857

1 0.6694711538461539 0.35431654676258995 0.05048076923076923 0.06115107913669065