1 0.4423076923076923 0.17328519855595667 0.036057692307692304 0.07220216606498195

1 0.27163461538461536 0.20577617328519857 0.04807692307692308 0.08303249097472924

1 0.6875 0.20938628158844766 0.05048076923076923 0.09025270758122744

1 0.37259615384615385 0.22382671480144403 0.036057692307692304 0.061371841155234655

1 0.21153846153846154 0.24548736462093862 0.040865384615384616 0.07220216606498195

1 0.7403846153846154 0.24548736462093862 0.057692307692307696 0.10469314079422383

1 0.5961538461538461 0.24548736462093862 0.040865384615384616 0.07581227436823104