1 0.4423076923076923 0.8237410071942446 0.036057692307692304 0.07194244604316546

1 0.27163461538461536 0.7913669064748201 0.04807692307692308 0.08273381294964029

1 0.6875 0.7877697841726619 0.05048076923076923 0.08992805755395683

1 0.37259615384615385 0.7733812949640287 0.036057692307692304 0.06115107913669065

1 0.21153846153846154 0.7517985611510791 0.040865384615384616 0.07194244604316546

1 0.7403846153846154 0.7517985611510791 0.057692307692307696 0.10431654676258993

1 0.5961538461538461 0.7517985611510791 0.040865384615384616 0.07553956834532374