1 0.5256410256410257 0.5889423076923077 0.16025641025641027 0.09615384615384616

1 0.5 0.40384615384615385 0.16666666666666666 0.09134615384615384

1 0.40705128205128205 0.28365384615384615 0.035256410256410256 0.021634615384615384

1 0.40064102564102566 0.8028846153846154 0.022435897435897436 0.014423076923076924

1 0.3942307692307692 0.21394230769230768 0.04487179487179487 0.028846153846153848

1 0.3525641025641026 0.8581730769230769 0.02564102564102564 0.01201923076923077

1 0.34615384615384615 0.8677884615384616 0.02564102564102564 0.01201923076923077