1 0.6185897435897436 0.5192307692307693 0.1282051282051282 0.1201923076923077

1 0.3717948717948718 0.5 0.12179487179487179 0.125

1 0.21153846153846154 0.43028846153846156 0.028846153846153848 0.026442307692307692

1 0.9038461538461539 0.4254807692307692 0.019230769230769232 0.016826923076923076

1 0.11858974358974358 0.4206730769230769 0.038461538461538464 0.03365384615384615

1 0.9775641025641025 0.3894230769230769 0.016025641025641024 0.019230769230769232

1 0.9903846153846154 0.38461538461538464 0.016025641025641024 0.019230769230769232