1 0.8725961538461539 0.7788461538461539 0.02403846153846154 0.035256410256410256

1 0.7668269230769231 0.75 0.03365384615384615 0.05448717948717949

1 0.5432692307692307 0.6730769230769231 0.038461538461538464 0.07051282051282051

1 0.1658653846153846 0.6089743589743589 0.052884615384615384 0.11217948717948718

1 0.39903846153846156 0.5096153846153846 0.07451923076923077 0.1282051282051282

1 0.7283653846153846 0.20512820512820512 0.30288461538461536 0.40384615384615385

1 0.6706730769230769 0.8076923076923077 0.014423076923076924 0.02564102564102564

1 0.59375 0.7980769230769231 0.021634615384615384 0.041666666666666664