1 0.8725961538461539 0.22115384615384615 0.02403846153846154 0.035256410256410256

1 0.7668269230769231 0.25 0.03365384615384615 0.05448717948717949

1 0.5432692307692307 0.3269230769230769 0.038461538461538464 0.07051282051282051

1 0.1658653846153846 0.391025641025641 0.052884615384615384 0.11217948717948718

1 0.39903846153846156 0.49038461538461536 0.07451923076923077 0.1282051282051282

1 0.7283653846153846 0.7948717948717948 0.30288461538461536 0.40384615384615385

1 0.6706730769230769 0.19230769230769232 0.014423076923076924 0.02564102564102564

1 0.59375 0.20192307692307693 0.021634615384615384 0.041666666666666664