1 0.5625 0.782051282051282 0.028846153846153848 0.02564102564102564

1 0.5600961538461539 0.6891025641025641 0.021634615384615384 0.022435897435897436

1 0.5360576923076923 0.4198717948717949 0.026442307692307692 0.03205128205128205

1 0.5336538461538461 0.6217948717948718 0.019230769230769232 0.022435897435897436

1 0.5288461538461539 0.5512820512820513 0.03365384615384615 0.03205128205128205

1 0.4951923076923077 0.8076923076923077 0.05048076923076923 0.04807692307692308

1 0.46875 0.8942307692307693 0.057692307692307696 0.07692307692307693

1 0.3918269230769231 0.1987179487179487 0.4230769230769231 0.36217948717948717

1 0.3918269230769231 0.9487179487179487 0.1201923076923077 0.09615384615384616