1 0.12740384615384615 0.22115384615384615 0.02403846153846154 0.035256410256410256

1 0.23317307692307693 0.25 0.03365384615384615 0.05448717948717949

1 0.4567307692307692 0.3269230769230769 0.038461538461538464 0.07051282051282051

1 0.8341346153846154 0.391025641025641 0.052884615384615384 0.11217948717948718

1 0.6009615384615384 0.49038461538461536 0.07451923076923077 0.1282051282051282

1 0.27163461538461536 0.7948717948717948 0.30288461538461536 0.40384615384615385

1 0.3293269230769231 0.19230769230769232 0.014423076923076924 0.02564102564102564

1 0.40625 0.20192307692307693 0.021634615384615384 0.041666666666666664