1 0.7115384615384616 0.5833333333333334 0.019230769230769232 0.038461538461538464

1 0.6418269230769231 0.5801282051282052 0.016826923076923076 0.028846153846153848

1 0.43990384615384615 0.5480769230769231 0.02403846153846154 0.035256410256410256

1 0.5913461538461539 0.5448717948717948 0.016826923076923076 0.02564102564102564

1 0.5384615384615384 0.5384615384615384 0.02403846153846154 0.04487179487179487

1 0.7307692307692307 0.4935897435897436 0.036057692307692304 0.0673076923076923

1 0.7956730769230769 0.4583333333333333 0.057692307692307696 0.07692307692307693

1 0.27403846153846156 0.3557692307692308 0.27163461538461536 0.5641025641025641

1 0.84375 0.3557692307692308 0.08413461538461539 0.15705128205128205