1 0.28846153846153844 0.4166666666666667 0.019230769230769232 0.038461538461538464

1 0.3581730769230769 0.4198717948717949 0.016826923076923076 0.028846153846153848

1 0.5600961538461539 0.4519230769230769 0.02403846153846154 0.035256410256410256

1 0.40865384615384615 0.4551282051282051 0.016826923076923076 0.02564102564102564

1 0.46153846153846156 0.46153846153846156 0.02403846153846154 0.04487179487179487

1 0.2692307692307692 0.5064102564102564 0.036057692307692304 0.0673076923076923

1 0.20432692307692307 0.5416666666666666 0.057692307692307696 0.07692307692307693

1 0.7259615384615384 0.6442307692307693 0.27163461538461536 0.5641025641025641

1 0.15625 0.6442307692307693 0.08413461538461539 0.15705128205128205