1 0.1201923076923077 0.23015873015873015 0.057692307692307696 0.1626984126984127

1 0.01201923076923077 0.2857142857142857 0.02403846153846154 0.1746031746031746

1 0.31971153846153844 0.2857142857142857 0.0889423076923077 0.15476190476190477

1 0.7475961538461539 0.25 0.09375 0.19047619047619047

1 0.18028846153846154 0.21031746031746032 0.11538461538461539 0.2222222222222222

1 0.44711538461538464 0.23412698412698413 0.10336538461538461 0.21428571428571427

1 0.5721153846153846 0.16666666666666666 0.0889423076923077 0.19444444444444445

1 0.6706730769230769 0.29365079365079366 0.11298076923076923 0.2261904761904762

1 0.8798076923076923 0.5634920634920635 0.0985576923076923 0.20634920634920634