1 0.8798076923076923 0.23107569721115537 0.057692307692307696 0.16334661354581673

1 0.9867788461538461 0.28884462151394424 0.021634615384615384 0.17928286852589642

1 0.6802884615384616 0.2868525896414343 0.0889423076923077 0.1553784860557769

1 0.25240384615384615 0.250996015936255 0.09375 0.19123505976095617

1 0.8197115384615384 0.21115537848605578 0.11538461538461539 0.22310756972111553

1 0.5528846153846154 0.2350597609561753 0.10336538461538461 0.2151394422310757

1 0.42788461538461536 0.16733067729083664 0.0889423076923077 0.1952191235059761

1 0.3293269230769231 0.2948207171314741 0.11298076923076923 0.22709163346613545

1 0.1201923076923077 0.5657370517928287 0.0985576923076923 0.20717131474103587