1 0.8798076923076923 0.7658730158730159 0.057692307692307696 0.1626984126984127

1 0.9867788461538461 0.7123015873015873 0.021634615384615384 0.17857142857142858

1 0.6802884615384616 0.7103174603174603 0.0889423076923077 0.15476190476190477

1 0.25240384615384615 0.746031746031746 0.09375 0.19047619047619047

1 0.8197115384615384 0.7857142857142857 0.11538461538461539 0.2222222222222222

1 0.5528846153846154 0.7619047619047619 0.10336538461538461 0.21428571428571427

1 0.42788461538461536 0.8293650793650794 0.0889423076923077 0.19444444444444445

1 0.3293269230769231 0.7023809523809523 0.11298076923076923 0.2261904761904762

1 0.1201923076923077 0.43253968253968256 0.0985576923076923 0.20634920634920634