1 0.59375 0.20938628158844766 0.06009615384615385 0.11552346570397112

1 0.5504807692307693 0.26714801444043323 0.11057692307692307 0.21660649819494585

1 0.8509615384615384 0.2743682310469314 0.0889423076923077 0.1552346570397112

1 0.1346153846153846 0.2815884476534296 0.12259615384615384 0.24548736462093862

1 0.6899038461538461 0.33574007220216606 0.08653846153846154 0.1444043321299639

1 0.20432692307692307 0.36101083032490977 0.11298076923076923 0.26353790613718414

1 0.3004807692307692 0.37184115523465705 0.04567307692307692 0.08664259927797834

1 0.3701923076923077 0.3935018050541516 0.08413461538461539 0.148014440433213