1 0.6935096153846154 0.6407942238267148 0.07692307692307693 0.09025270758122744

1 0.6550480769230769 0.575812274368231 0.14423076923076922 0.16606498194945848

1 0.6514423076923077 0.9783393501805054 0.10576923076923077 0.036101083032490974

1 0.6454326923076923 0.023465703971119134 0.1658653846153846 0.04693140794223827

1 0.609375 0.7851985559566786 0.09615384615384616 0.1299638989169675

1 0.59375 0.07220216606498195 0.1778846153846154 0.1444043321299639

1 0.5853365384615384 0.2003610108303249 0.057692307692307696 0.06859205776173286

1 0.5709134615384616 0.30505415162454874 0.0985576923076923 0.1263537906137184