1 0.40625 0.7906137184115524 0.06009615384615385 0.11552346570397112

1 0.4495192307692308 0.7328519855595668 0.11057692307692307 0.21660649819494585

1 0.14903846153846154 0.7256317689530686 0.0889423076923077 0.1552346570397112

1 0.8653846153846154 0.7184115523465704 0.12259615384615384 0.24548736462093862

1 0.31009615384615385 0.6642599277978339 0.08653846153846154 0.1444043321299639

1 0.7956730769230769 0.6389891696750902 0.11298076923076923 0.26353790613718414

1 0.6995192307692307 0.628158844765343 0.04567307692307692 0.08664259927797834

1 0.6298076923076923 0.6064981949458483 0.08413461538461539 0.148014440433213