1 0.5997596153846154 0.4566787003610108 0.2932692307692308 0.35379061371841153

1 0.5637019230769231 0.10649819494584838 0.19471153846153846 0.21299638989169675

1 0.5348557692307693 0.6191335740072202 0.08173076923076923 0.061371841155234655

1 0.5324519230769231 0.8935018050541517 0.12740384615384615 0.12274368231046931

1 0.5276442307692307 0.7888086642599278 0.14423076923076922 0.18772563176895307

1 0.5228365384615384 0.22563176895306858 0.036057692307692304 0.04332129963898917

1 0.5228365384615384 0.9657039711191335 0.06490384615384616 0.05415162454873646

1 0.5204326923076923 0.30144404332129965 0.07451923076923077 0.06498194945848375

1 0.4963942307692308 0.6913357400722022 0.036057692307692304 0.04332129963898917