1 0.47115384615384615 0.35018050541516244 0.23557692307692307 0.4404332129963899

1 0.20673076923076922 0.4043321299638989 0.20192307692307693 0.2888086642599278

1 0.9278846153846154 0.44404332129963897 0.08413461538461539 0.12274368231046931

1 0.5793269230769231 0.44765342960288806 0.040865384615384616 0.12274368231046931

1 0.7620192307692307 0.45126353790613716 0.08173076923076923 0.19133574007220217

1 0.10336538461538461 0.4548736462093863 0.055288461538461536 0.11913357400722022

1 0.6923076923076923 0.4584837545126354 0.125 0.21660649819494585

1 0.055288461538461536 0.4620938628158845 0.026442307692307692 0.07220216606498195

1 0.3173076923076923 0.4657039711191336 0.028846153846153848 0.05415162454873646

1 0.8100961538461539 0.4657039711191336 0.036057692307692304 0.09747292418772563

1 0.36778846153846156 0.4693140794223827 0.04326923076923077 0.11191335740072202

1 0.6274038461538461 0.5054151624548736 0.028846153846153848 0.05415162454873646

1 0.9471153846153846 0.5812274368231047 0.10336538461538461 0.17328519855595667