1 0.23373493975903614 0.2958801498127341 0.11325301204819277 0.25842696629213485

1 0.2987951807228916 0.299625468164794 0.03132530120481928 0.0749063670411985

1 0.9108433734939759 0.30711610486891383 0.12289156626506025 0.250936329588015

1 0.3783132530120482 0.32209737827715357 0.02650602409638554 0.0449438202247191

1 0.5951807228915663 0.4157303370786517 0.05783132530120482 0.11235955056179775

1 0.3710843373493976 0.449438202247191 0.0963855421686747 0.18352059925093633

1 0.5325301204819277 0.48314606741573035 0.10361445783132531 0.20224719101123595