1 0.8557692307692307 0.7256317689530686 0.05048076923076923 0.09747292418772563

1 0.31490384615384615 0.7220216606498195 0.052884615384615384 0.10830324909747292

1 0.6658653846153846 0.7111913357400722 0.05048076923076923 0.09025270758122744

1 0.1346153846153846 0.6895306859205776 0.052884615384615384 0.09386281588447654

1 0.7548076923076923 0.6462093862815884 0.057692307692307696 0.10469314079422383

1 0.23076923076923078 0.6353790613718412 0.06009615384615385 0.10469314079422383

1 0.41586538461538464 0.5992779783393501 0.06009615384615385 0.10830324909747292

1 0.59375 0.5848375451263538 0.052884615384615384 0.10830324909747292

1 0.4855769230769231 0.7617328519855595 0.055288461538461536 0.09747292418772563