1 0.8557692307692307 0.2733812949640288 0.05048076923076923 0.09712230215827339

1 0.31490384615384615 0.27697841726618705 0.052884615384615384 0.1079136690647482

1 0.6658653846153846 0.28776978417266186 0.05048076923076923 0.08992805755395683

1 0.1346153846153846 0.30935251798561153 0.052884615384615384 0.09352517985611511

1 0.7548076923076923 0.35251798561151076 0.057692307692307696 0.10431654676258993

1 0.23076923076923078 0.36330935251798563 0.06009615384615385 0.10431654676258993

1 0.41586538461538464 0.39928057553956836 0.06009615384615385 0.1079136690647482

1 0.59375 0.4136690647482014 0.052884615384615384 0.1079136690647482

1 0.4855769230769231 0.23741007194244604 0.055288461538461536 0.09712230215827339