1 0.6478365384615384 0.7779783393501805 0.07211538461538461 0.07942238267148015

1 0.640625 0.2509025270758123 0.06009615384615385 0.07581227436823104

1 0.5973557692307693 0.11732851985559567 0.06971153846153846 0.08664259927797834

1 0.5901442307692307 0.9043321299638989 0.06971153846153846 0.09025270758122744

1 0.5661057692307693 0.6263537906137184 0.07211538461538461 0.09025270758122744

1 0.5564903846153846 0.3592057761732852 0.07211538461538461 0.07942238267148015

1 0.6742788461538461 0.5216606498194946 0.06490384615384616 0.08303249097472924