1 0.31490384615384615 0.07346938775510205 0.055288461538461536 0.11428571428571428

1 0.5576923076923077 0.11836734693877551 0.11057692307692307 0.22040816326530613

1 0.7956730769230769 0.1836734693877551 0.057692307692307696 0.12653061224489795

1 0.9759615384615384 0.22448979591836735 0.04567307692307692 0.14285714285714285

1 0.7427884615384616 0.17142857142857143 0.07451923076923077 0.16326530612244897

1 0.14903846153846154 0.33877551020408164 0.23557692307692307 0.5142857142857142

1 0.6370192307692307 0.46530612244897956 0.2548076923076923 0.5714285714285714