1 0.6850961538461539 0.07317073170731707 0.055288461538461536 0.11382113821138211

1 0.4423076923076923 0.11788617886178862 0.11057692307692307 0.21951219512195122

1 0.20432692307692307 0.18292682926829268 0.057692307692307696 0.12601626016260162

1 0.02403846153846154 0.22357723577235772 0.04567307692307692 0.14227642276422764

1 0.25721153846153844 0.17073170731707318 0.07451923076923077 0.16260162601626016

1 0.8509615384615384 0.33739837398373984 0.23557692307692307 0.5121951219512195

1 0.3629807692307692 0.4634146341463415 0.2548076923076923 0.5691056910569106