1 0.28846153846153844 0.13120567375886524 0.07451923076923077 0.08865248226950355

1 0.2980769230769231 0.18439716312056736 0.036057692307692304 0.02127659574468085

1 0.3004807692307692 0.40070921985815605 0.04807692307692308 0.0673758865248227

1 0.3076923076923077 0.6595744680851063 0.03125 0.031914893617021274

1 0.3137019230769231 0.9574468085106383 0.0985576923076923 0.07801418439716312

1 0.31490384615384615 0.33687943262411346 0.040865384615384616 0.05673758865248227

1 0.31490384615384615 0.5070921985815603 0.055288461538461536 0.07446808510638298

1 0.3293269230769231 0.010638297872340425 0.028846153846153848 0.02127659574468085

1 0.34615384615384615 0.875886524822695 0.0673076923076923 0.09219858156028368

1 0.35096153846153844 0.43617021276595747 0.055288461538461536 0.08156028368794327

1 0.3557692307692308 0.25177304964539005 0.026442307692307692 0.0425531914893617

1 0.3557692307692308 0.7092198581560284 0.052884615384615384 0.0673758865248227