1 0.28846153846153844 0.8626760563380281 0.07451923076923077 0.0880281690140845

1 0.2980769230769231 0.8098591549295775 0.036057692307692304 0.02112676056338028

1 0.3004807692307692 0.5950704225352113 0.04807692307692308 0.06690140845070422

1 0.3076923076923077 0.3380281690140845 0.03125 0.03169014084507042

1 0.3137019230769231 0.040492957746478875 0.0985576923076923 0.08098591549295775

1 0.31490384615384615 0.6584507042253521 0.040865384615384616 0.056338028169014086

1 0.31490384615384615 0.4894366197183099 0.055288461538461536 0.07394366197183098

1 0.3293269230769231 0.9806338028169014 0.028846153846153848 0.017605633802816902

1 0.34615384615384615 0.12323943661971831 0.0673076923076923 0.09154929577464789

1 0.35096153846153844 0.5598591549295775 0.055288461538461536 0.08098591549295775

1 0.3557692307692308 0.7429577464788732 0.026442307692307692 0.04225352112676056

1 0.3557692307692308 0.2887323943661972 0.052884615384615384 0.06690140845070422