1 0.6165865384615384 0.552158273381295 0.07692307692307693 0.11151079136690648

1 0.6117788461538461 0.25359712230215825 0.07932692307692307 0.09712230215827339

1 0.5829326923076923 0.14928057553956833 0.08653846153846154 0.1223021582733813

1 0.5637019230769231 0.7428057553956835 0.08173076923076923 0.09712230215827339

1 0.5396634615384616 0.47302158273381295 0.09134615384615384 0.13309352517985612

1 0.5204326923076923 0.8723021582733813 0.07932692307692307 0.1079136690647482

1 0.47475961538461536 0.9586330935251799 0.13221153846153846 0.0683453237410072

1 0.42427884615384615 0.09532374100719425 0.11298076923076923 0.15827338129496402