1 0.5360576923076923 0.3249097472924188 0.07451923076923077 0.11552346570397112

1 0.33653846153846156 0.33212996389891697 0.06490384615384616 0.11913357400722022

1 0.2668269230769231 0.37545126353790614 0.08173076923076923 0.1299638989169675

1 0.6634615384615384 0.4043321299638989 0.06490384615384616 0.12274368231046931

1 0.4831730769230769 0.4404332129963899 0.0889423076923077 0.1371841155234657

1 0.75 0.4693140794223827 0.07211538461538461 0.11913357400722022

1 0.06370192307692307 0.49097472924187724 0.12259615384615384 0.22382671480144403

1 0.13701923076923078 0.516245487364621 0.07211538461538461 0.17689530685920576

1 0.8365384615384616 0.5379061371841155 0.10096153846153846 0.19494584837545126

1 0.23076923076923078 0.6137184115523465 0.10576923076923077 0.16967509025270758

1 0.11057692307692307 0.8736462093862816 0.13221153846153846 0.2490974729241877