1 0.6165865384615384 0.44584837545126355 0.07692307692307693 0.11191335740072202

1 0.6117788461538461 0.7454873646209387 0.07932692307692307 0.09747292418772563

1 0.5829326923076923 0.8501805054151624 0.08653846153846154 0.12274368231046931

1 0.5637019230769231 0.2545126353790614 0.08173076923076923 0.09747292418772563

1 0.5396634615384616 0.5252707581227437 0.09134615384615384 0.13357400722021662

1 0.5204326923076923 0.12454873646209386 0.07932692307692307 0.10830324909747292

1 0.47475961538461536 0.036101083032490974 0.13221153846153846 0.07220216606498195

1 0.42427884615384615 0.9043321299638989 0.11298076923076923 0.1588447653429603