1 0.2439903846153846 0.7635379061371841 0.06490384615384616 0.07581227436823104

1 0.2704326923076923 0.26895306859205775 0.07211538461538461 0.08664259927797834

1 0.30649038461538464 0.11732851985559567 0.15625 0.17328519855595667

1 0.39302884615384615 0.3700361010830325 0.17548076923076922 0.23826714801444043

1 0.19110576923076922 0.40613718411552346 0.04326923076923077 0.06498194945848375

1 0.4411057692307692 0.8826714801444043 0.28125 0.22743682310469315

1 0.4675480769230769 0.04693140794223827 0.19471153846153846 0.09386281588447654

1 0.20793269230769232 0.6949458483754513 0.04567307692307692 0.061371841155234655