1 0.7560096153846154 0.2364620938628159 0.06490384615384616 0.07581227436823104

1 0.7295673076923077 0.7310469314079422 0.07211538461538461 0.08664259927797834

1 0.6935096153846154 0.8826714801444043 0.15625 0.17328519855595667

1 0.6069711538461539 0.6299638989169675 0.17548076923076922 0.23826714801444043

1 0.8088942307692307 0.5938628158844765 0.04326923076923077 0.06498194945848375

1 0.5588942307692307 0.11732851985559567 0.28125 0.23465703971119134

1 0.5324519230769231 0.9530685920577617 0.19471153846153846 0.08664259927797834

1 0.7920673076923077 0.30505415162454874 0.04567307692307692 0.061371841155234655