1 0.6670673076923077 0.027649769585253458 0.04567307692307692 0.055299539170506916

1 0.6358173076923077 0.5276497695852534 0.0985576923076923 0.14746543778801843

1 0.6334134615384616 0.9423963133640553 0.10817307692307693 0.10599078341013825

1 0.6045673076923077 0.4078341013824885 0.10576923076923077 0.14746543778801843

1 0.5084134615384616 0.26497695852534564 0.08413461538461539 0.1382488479262673

1 0.49399038461538464 0.619815668202765 0.14423076923076922 0.21658986175115208

1 0.484375 0.8133640552995391 0.10817307692307693 0.15668202764976957

1 0.41947115384615385 0.2926267281105991 0.10576923076923077 0.15207373271889402

1 0.6862980769230769 0.1175115207373272 0.07932692307692307 0.12903225806451613