1 0.3329326923076923 0.027522935779816515 0.04567307692307692 0.05504587155963303

1 0.3641826923076923 0.5252293577981652 0.0985576923076923 0.14678899082568808

1 0.36658653846153844 0.9380733944954128 0.10817307692307693 0.10550458715596331

1 0.3954326923076923 0.4059633027522936 0.10576923076923077 0.14678899082568808

1 0.49158653846153844 0.26376146788990823 0.08413461538461539 0.13761467889908258

1 0.5060096153846154 0.6169724770642202 0.14423076923076922 0.21559633027522937

1 0.515625 0.8096330275229358 0.10817307692307693 0.1559633027522936

1 0.5805288461538461 0.29128440366972475 0.10576923076923077 0.15137614678899083

1 0.3137019230769231 0.11697247706422019 0.07932692307692307 0.12844036697247707