1 0.6670673076923077 0.9723502304147466 0.04567307692307692 0.04608294930875576

1 0.6358173076923077 0.47235023041474655 0.0985576923076923 0.14746543778801843

1 0.6334134615384616 0.055299539170506916 0.10817307692307693 0.11059907834101383

1 0.6045673076923077 0.5921658986175116 0.10576923076923077 0.14746543778801843

1 0.5084134615384616 0.7350230414746544 0.08413461538461539 0.1382488479262673

1 0.49399038461538464 0.38018433179723504 0.14423076923076922 0.21658986175115208

1 0.484375 0.18663594470046083 0.10817307692307693 0.15668202764976957

1 0.41947115384615385 0.7073732718894009 0.10576923076923077 0.15207373271889402

1 0.6862980769230769 0.8824884792626728 0.07932692307692307 0.12903225806451613