1 0.7884615384615384 0.8014440433212996 0.13221153846153846 0.26353790613718414

1 0.2764423076923077 0.6173285198555957 0.09615384615384616 0.18772563176895307

1 0.6658653846153846 0.5740072202166066 0.06971153846153846 0.12274368231046931

1 0.7692307692307693 0.5595667870036101 0.036057692307692304 0.07581227436823104

1 0.625 0.5595667870036101 0.03365384615384615 0.09386281588447654

1 0.4639423076923077 0.555956678700361 0.07932692307692307 0.16606498194945848

1 0.9927884615384616 0.5270758122743683 0.009615384615384616 0.08664259927797834