1 0.7884615384615384 0.19855595667870035 0.13221153846153846 0.26353790613718414

1 0.2764423076923077 0.38267148014440433 0.09615384615384616 0.18772563176895307

1 0.6658653846153846 0.4259927797833935 0.06971153846153846 0.12274368231046931

1 0.7692307692307693 0.4404332129963899 0.036057692307692304 0.07581227436823104

1 0.625 0.4404332129963899 0.03365384615384615 0.09386281588447654

1 0.4639423076923077 0.44404332129963897 0.07932692307692307 0.16606498194945848

1 0.9927884615384616 0.47653429602888087 0.009615384615384616 0.08664259927797834