1 0.10576923076923077 0.1263537906137184 0.12259615384615384 0.21299638989169675

1 0.16826923076923078 0.1588447653429603 0.08413461538461539 0.18772563176895307

1 0.25961538461538464 0.1552346570397112 0.1201923076923077 0.21660649819494585

1 0.3581730769230769 0.19494584837545126 0.10096153846153846 0.22021660649819494

1 0.4326923076923077 0.2563176895306859 0.11057692307692307 0.21299638989169675

1 0.5072115384615384 0.22021660649819494 0.10096153846153846 0.20577617328519857

1 0.7572115384615384 0.2563176895306859 0.12259615384615384 0.20938628158844766

1 0.9375 0.2527075812274368 0.10817307692307693 0.20216606498194944