1 0.8629807692307693 0.2527075812274368 0.19951923076923078 0.4007220216606498

1 0.5817307692307693 0.3935018050541516 0.1346153846153846 0.24548736462093862

1 0.2644230769230769 0.3935018050541516 0.13221153846153846 0.24187725631768953

1 0.5913461538461539 0.776173285198556 0.4182692307692308 0.4259927797833935

1 0.11778846153846154 0.09025270758122744 0.11778846153846154 0.1588447653429603

1 0.5625 0.09566787003610108 0.10576923076923077 0.18411552346570398

1 0.3581730769230769 0.10830324909747292 0.08413461538461539 0.1552346570397112