1 0.0985576923076923 0.2264957264957265 0.11778846153846154 0.24786324786324787

1 0.6418269230769231 0.2863247863247863 0.09375 0.2094017094017094

1 0.9326923076923077 0.2905982905982906 0.09134615384615384 0.18803418803418803

1 0.3581730769230769 0.2948717948717949 0.125 0.23076923076923078

1 0.4543269230769231 0.38461538461538464 0.02403846153846154 0.05555555555555555

1 0.49278846153846156 0.3888888888888889 0.02403846153846154 0.05128205128205128

1 0.5649038461538461 0.41452991452991456 0.040865384615384616 0.07692307692307693

1 0.43509615384615385 0.452991452991453 0.021634615384615384 0.042735042735042736