1 0.9014423076923077 0.7735042735042735 0.11778846153846154 0.24786324786324787

1 0.3581730769230769 0.7136752136752137 0.09375 0.2094017094017094

1 0.0673076923076923 0.7094017094017094 0.09134615384615384 0.18803418803418803

1 0.6418269230769231 0.7051282051282052 0.125 0.23076923076923078

1 0.5456730769230769 0.6153846153846154 0.02403846153846154 0.05555555555555555

1 0.5072115384615384 0.6111111111111112 0.02403846153846154 0.05128205128205128

1 0.43509615384615385 0.5854700854700855 0.040865384615384616 0.07692307692307693

1 0.5649038461538461 0.5470085470085471 0.021634615384615384 0.042735042735042736