1 0.5216346153846154 0.8450184501845018 0.038461538461538464 0.06642066420664207

1 0.8125 0.8339483394833949 0.055288461538461536 0.1070110701107011

1 0.6730769230769231 0.8007380073800738 0.05048076923076923 0.1070110701107011

1 0.49759615384615385 0.7896678966789668 0.055288461538461536 0.09225092250922509

1 0.4110576923076923 0.7896678966789668 0.0625 0.11439114391143912

1 0.4543269230769231 0.7785977859778598 0.036057692307692304 0.08856088560885608

1 0.2668269230769231 0.7712177121771218 0.06490384615384616 0.1033210332103321

1 0.1875 0.7675276752767528 0.055288461538461536 0.08856088560885608

1 0.8317307692307693 0.7675276752767528 0.04807692307692308 0.08856088560885608

1 0.5192307692307693 0.7490774907749077 0.055288461538461536 0.12546125461254612

1 0.040865384615384616 0.7380073800738007 0.06490384615384616 0.11439114391143912

1 0.8004807692307693 0.6937269372693727 0.07692307692307693 0.16974169741697417

1 0.5841346153846154 0.6789667896678967 0.08173076923076923 0.15129151291512916

1 0.7067307692307693 0.6531365313653137 0.0985576923076923 0.18450184501845018

1 0.9350961538461539 0.5940959409594095 0.11778846153846154 0.23616236162361623

1 0.8701923076923077 0.5904059040590406 0.057692307692307696 0.14760147601476015

1 0.08653846153846154 0.8856088560885609 0.019230769230769232 0.033210332103321034