1 0.27524038461538464 0.466789667896679 0.04326923076923077 0.05904059040590406

1 0.28365384615384615 0.033210332103321034 0.07211538461538461 0.06642066420664207

1 0.30408653846153844 0.23431734317343172 0.06971153846153846 0.07749077490774908

1 0.3112980769230769 0.503690036900369 0.06009615384615385 0.08487084870848709

1 0.3112980769230769 0.6365313653136532 0.07451923076923077 0.0959409594095941

1 0.31850961538461536 0.5701107011070111 0.057692307692307696 0.055350553505535055

1 0.3233173076923077 0.8579335793357934 0.0673076923076923 0.0996309963099631

1 0.32572115384615385 0.966789667896679 0.06009615384615385 0.05904059040590406

1 0.32572115384615385 0.014760147601476014 0.06009615384615385 0.02952029520295203

1 0.33774038461538464 0.470479704797048 0.08173076923076923 0.08487084870848709

1 0.3737980769230769 0.04981549815498155 0.11298076923076923 0.0996309963099631

1 0.38341346153846156 0.37084870848708484 0.0985576923076923 0.12546125461254612

1 0.40024038461538464 0.18265682656826568 0.1201923076923077 0.15129151291512916