1 0.5216346153846154 0.15498154981549817 0.038461538461538464 0.06642066420664207

1 0.8125 0.16605166051660517 0.055288461538461536 0.1070110701107011

1 0.6730769230769231 0.1992619926199262 0.05048076923076923 0.1070110701107011

1 0.49759615384615385 0.21033210332103322 0.055288461538461536 0.09225092250922509

1 0.4110576923076923 0.21033210332103322 0.0625 0.11439114391143912

1 0.4543269230769231 0.22140221402214022 0.036057692307692304 0.08856088560885608

1 0.2668269230769231 0.22878228782287824 0.06490384615384616 0.1033210332103321

1 0.1875 0.23247232472324722 0.055288461538461536 0.08856088560885608

1 0.8317307692307693 0.23247232472324722 0.04807692307692308 0.08856088560885608

1 0.5192307692307693 0.25092250922509224 0.055288461538461536 0.12546125461254612

1 0.040865384615384616 0.26199261992619927 0.06490384615384616 0.11439114391143912

1 0.8004807692307693 0.3062730627306273 0.07692307692307693 0.16974169741697417

1 0.5841346153846154 0.3210332103321033 0.08173076923076923 0.15129151291512916

1 0.7067307692307693 0.34686346863468637 0.0985576923076923 0.18450184501845018

1 0.9350961538461539 0.4059040590405904 0.11778846153846154 0.23616236162361623

1 0.8701923076923077 0.4095940959409594 0.057692307692307696 0.14760147601476015

1 0.08653846153846154 0.11439114391143912 0.019230769230769232 0.033210332103321034